heat, value, length
0 37 566
1 37 566
2 37 566
3 48 788
4 46 778
5 56 1025
6 59 1158
7 58 1232
8 62 1479
9 63 1497
10 62 1511
11 59 1527
12 61 1495
13 67 1616
14 62 1526
15 66 1584
16 62 1519
17 63 1509
18 64 1560
19 62 1515
20 60 1460
21 65 1492
22 60 1417
23 63 1468
24 64 1477
25 64 1483
26 64 1379
27 62 1336
28 60 1328
29 62 1311
30 63 1348
0 40 562
1 40 562
2 40 562
3 47 783
4 53 866
5 56 1030
6 56 1119
7 60 1294
8 60 1415
9 61 1518
10 61 1520
11 63 1586
12 62 1652
13 63 1525
14 62 1540
15 63 1532
16 63 1544
17 62 1548
18 63 1502
19 62 1500
20 63 1455
21 65 1487
22 66 1543
23 67 1550
24 65 1488
25 61 1344
26 61 1348
27 60 1309
28 60 1269
29 60 1229
30 59 1214
0 34 493
1 34 493
2 34 493
3 47 744
4 53 885
5 56 979
6 54 999
7 59 1252
8 59 1209
9 63 1489
10 64 1549
11 62 1557
12 62 1525
13 63 1562
14 62 1480
15 64 1570
16 64 1558
17 62 1536
18 65 1547
19 64 1498
20 65 1473
21 67 1578
22 67 1519
23 64 1468
24 67 1536
25 66 1426
26 66 1386
27 66 1406
28 66 1398
29 67 1420
30 65 1320
0 40 644
1 40 644
2 40 644
3 51 878
4 52 881
5 56 1053
6 54 1043
7 58 1277
8 59 1282
9 66 1540
10 65 1566
11 60 1448
12 62 1541
13 60 1465
14 58 1455
15 61 1523
16 63 1621
17 62 1557
18 63 1531
19 65 1526
20 62 1493
21 64 1510
22 62 1469
23 62 1430
24 61 1372
25 63 1407
26 64 1418
27 61 1354
28 61 1362
29 62 1313
30 61 1334
0 36 521
1 36 521
2 36 521
3 49 815
4 47 770
5 56 1012
6 55 1085
7 62 1341
8 60 1287
9 62 1447
10 63 1487
11 62 1497
12 63 1542
13 64 1568
14 65 1535
15 65 1567
16 64 1517
17 65 1543
18 66 1593
19 62 1483
20 65 1519
21 64 1478
22 64 1422
23 64 1446
24 62 1356
25 64 1402
26 63 1363
27 65 1430
28 63 1333
29 61 1260
30 62 1216
0 42 640
1 42 640
2 42 640
3 49 807
4 52 890
5 57 1037
6 55 1001
7 61 1312
8 62 1470
9 63 1561
10 63 1561
11 60 1474
12 60 1478
13 62 1564
14 63 1563
15 63 1511
16 65 1585
17 64 1569
18 61 1519
19 64 1553
20 66 1580
21 66 1593
22 65 1514
23 66 1489
24 66 1487
25 65 1470
26 66 1445
27 64 1394
28 64 1378
29 66 1393
30 62 1278
0 35 530
1 35 530
2 35 530
3 49 842
4 46 746
5 59 1104
6 55 1119
7 61 1248
8 61 1284
9 63 1503
10 63 1609
11 62 1553
12 60 1545
13 61 1485
14 63 1535
15 63 1536
16 64 1532
17 63 1486
18 65 1579
19 66 1531
20 65 1476
21 64 1523
22 66 1477
23 67 1475
24 67 1469
25 61 1344
26 61 1284
27 61 1288
28 61 1274
29 60 1232
30 60 1210
0 37 549
1 37 549
2 37 549
3 49 861
4 47 814
5 54 984
6 60 1154
7 63 1328
8 59 1289
9 64 1488
10 64 1596
11 63 1581
12 60 1517
13 63 1479
14 63 1635
15 66 1596
16 63 1573
17 65 1591
18 64 1524
19 64 1491
20 66 1524
21 64 1441
22 67 1547
23 63 1395
24 64 1440
25 63 1418
26 64 1396
27 62 1339
28 62 1311
29 57 1167
30 57 1167
0 36 544
1 36 544
2 36 544
3 47 801
4 48 848
5 56 988
6 55 1067
7 64 1517
8 61 1385
9 61 1527
10 63 1589
11 61 1518
12 62 1553
13 63 1581
14 61 1541
15 62 1503
16 61 1537
17 62 1465
18 62 1459
19 65 1564
20 66 1572
21 65 1447
22 67 1506
23 63 1467
24 64 1588
25 63 1418
26 63 1402
27 63 1386
28 62 1355
29 62 1280
30 61 1273
0 39 571
1 39 571
2 39 571
3 50 912
4 50 800
5 55 1014
6 56 1146
7 62 1327
8 58 1246
9 63 1512
10 62 1507
11 61 1538
12 63 1542
13 60 1525
14 61 1588
15 63 1537
16 64 1544
17 65 1555
18 64 1548
19 64 1535
20 65 1545
21 66 1481
22 65 1473
23 65 1445
24 62 1318
25 62 1320
26 62 1322
27 62 1288
28 60 1271
29 60 1253
30 58 1192
0 38 595
1 38 595
2 38 595
3 47 779
4 48 820
5 58 1101
6 59 1206
7 62 1256
8 61 1442
9 66 1503
10 64 1451
11 64 1515
12 63 1521
13 65 1552
14 66 1627
15 63 1519
16 64 1534
17 65 1515
18 65 1507
19 68 1590
20 67 1556
21 69 1592
22 67 1556
23 68 1576
24 64 1361
25 67 1472
26 62 1318
27 63 1316
28 63 1308
29 64 1312
30 62 1265
0 41 636
1 41 636
2 41 636
3 50 848
4 47 797
5 54 963
6 53 1029
7 64 1344
8 63 1451
9 64 1597
10 60 1455
11 64 1561
12 63 1507
13 63 1653
14 62 1522
15 62 1605
16 63 1633
17 64 1611
18 64 1482
19 66 1498
20 66 1462
21 66 1464
22 66 1456
23 66 1440
24 66 1414
25 64 1362
26 65 1375
27 66 1365
28 66 1355
29 61 1219
30 61 1213
0 38 577
1 38 577
2 38 577
3 50 804
4 48 799
5 56 1003
6 56 1040
7 60 1265
8 59 1190
9 65 1575
10 62 1432
11 66 1594
12 63 1491
13 64 1506
14 61 1435
15 64 1516
16 65 1496
17 59 1387
18 63 1493
19 65 1487
20 66 1477
21 67 1496
22 68 1481
23 66 1434
24 63 1315
25 63 1317
26 63 1319
27 63 1297
28 63 1317
29 61 1223
30 59 1156
0 39 545
1 39 545
2 39 545
3 51 826
4 49 801
5 56 1059
6 56 1061
7 61 1330
8 62 1446
9 66 1636
10 63 1580
11 62 1524
12 64 1590
13 63 1578
14 64 1550
15 63 1475
16 66 1600
17 64 1508
18 65 1493
19 64 1424
20 64 1482
21 65 1471
22 66 1439
23 66 1478
24 66 1444
25 66 1398
26 63 1286
27 63 1274
28 63 1266
29 61 1211
30 61 1199
0 39 604
1 39 604
2 39 604
3 49 813
4 49 817
5 55 1075
6 57 1149
7 63 1497
8 63 1483
9 58 1488
10 61 1598
11 59 1421
12 60 1468
13 61 1468
14 58 1439
15 62 1446
16 61 1437
17 62 1453
18 62 1444
19 63 1542
20 64 1490
21 65 1501
22 65 1484
23 63 1392
24 62 1404
25 62 1368
26 62 1356
27 62 1334
28 62 1312
29 62 1306
30 60 1226
0 37 584
1 37 584
2 37 584
3 46 771
4 51 856
5 55 1030
6 55 1085
7 62 1407
8 63 1440
9 63 1510
10 62 1476
11 65 1579
12 62 1524
13 66 1534
14 62 1533
15 61 1512
16 63 1526
17 64 1529
18 61 1450
19 63 1508
20 62 1490
21 65 1535
22 66 1537
23 63 1402
24 63 1398
25 64 1433
26 64 1406
27 64 1352
28 64 1352
29 64 1328
30 65 1337
0 39 570
1 39 570
2 39 570
3 47 761
4 47 798
5 55 1040
6 53 1080
7 61 1349
8 63 1466
9 66 1612
10 63 1564
11 62 1511
12 61 1507
13 63 1498
14 63 1599
15 62 1513
16 63 1540
17 64 1523
18 63 1498
19 66 1594
20 66 1536
21 65 1476
22 65 1492
23 62 1380
24 63 1363
25 63 1351
26 63 1359
27 62 1303
28 63 1316
29 63 1304
30 60 1225
0 37 521
1 37 521
2 37 521
3 50 782
4 50 870
5 56 1040
6 55 1070
7 60 1305
8 62 1417
9 65 1551
10 63 1549
11 64 1551
12 63 1514
13 65 1609
14 66 1581
15 65 1618
16 66 1614
17 65 1547
18 67 1584
19 66 1501
20 67 1532
21 67 1572
22 67 1566
23 67 1472
24 67 1468
25 67 1450
26 63 1345
27 63 1331
28 63 1291
29 62 1261
30 64 1316
0 40 569
1 40 569
2 40 569
3 47 743
4 51 875
5 56 1052
6 57 1134
7 61 1273
8 63 1550
9 64 1459
10 62 1597
11 63 1485
12 60 1528
13 60 1451
14 58 1419
15 61 1465
16 64 1629
17 62 1567
18 62 1486
19 66 1518
20 66 1522
21 64 1423
22 63 1401
23 64 1396
24 64 1376
25 64 1344
26 63 1340
27 63 1320
28 63 1308
29 64 1312
30 63 1315
0 35 536
1 35 536
2 35 536
3 48 815
4 48 824
5 54 983
6 57 1052
7 58 1149
8 62 1312
9 65 1616
10 61 1529
11 65 1558
12 61 1478
13 64 1550
14 67 1583
15 64 1529
16 66 1599
17 64 1487
18 67 1560
19 65 1503
20 66 1513
21 67 1518
22 67 1521
23 66 1451
24 66 1489
25 66 1483
26 64 1345
27 64 1345
28 62 1276
29 62 1258
30 62 1224
0 38 564
1 38 564
2 38 564
3 49 728
4 50 831
5 51 858
6 55 1069
7 58 1172
8 61 1376
9 65 1509
10 62 1506
11 63 1578
12 62 1516
13 62 1476
14 62 1586
15 63 1514
16 63 1562
17 65 1609
18 64 1539
19 67 1559
20 65 1525
21 67 1498
22 66 1471
23 67 1518
24 66 1450
25 66 1415
26 63 1291
27 63 1306
28 63 1302
29 63 1254
30 62 1243
0 39 589
1 39 589
2 39 589
3 47 764
4 47 820
5 53 971
6 56 1129
7 63 1344
8 63 1478
9 63 1539
10 62 1564
11 59 1550
12 62 1589
13 60 1553
14 61 1484
15 62 1524
16 61 1461
17 65 1509
18 64 1513
19 65 1528
20 66 1502
21 66 1512
22 66 1506
23 66 1446
24 66 1440
25 62 1347
26 62 1335
27 63 1353
28 63 1343
29 61 1277
30 61 1271
0 33 434
1 33 434
2 33 434
3 44 685
4 47 824
5 54 988
6 56 1052
7 59 1227
8 61 1333
9 65 1507
10 66 1584
11 64 1585
12 62 1473
13 63 1494
14 63 1520
15 63 1510
16 64 1541
17 66 1576
18 66 1593
19 68 1538
20 66 1468
21 66 1470
22 67 1503
23 66 1438
24 66 1428
25 67 1463
26 67 1421
27 67 1437
28 66 1390
29 65 1358
30 66 1366
0 35 486
1 35 486
2 35 486
3 48 763
4 50 869
5 58 1074
6 57 1195
7 62 1386
8 61 1379
9 63 1418
10 60 1461
11 62 1520
12 61 1532
13 62 1593
14 62 1558
15 65 1585
16 67 1594
17 66 1544
18 66 1549
19 66 1549
20 66 1527
21 68 1582
22 68 1548
23 66 1451
24 65 1445
25 65 1449
26 65 1394
27 65 1390
28 64 1359
29 64 1305
30 64 1307
0 41 589
1 41 589
2 41 589
3 48 815
4 51 913
5 55 1047
6 58 1191
7 63 1392
8 63 1363
9 64 1545
10 62 1489
11 64 1584
12 64 1585
13 63 1497
14 62 1554
15 63 1461
16 65 1597
17 64 1529
18 66 1606
19 66 1569
20 65 1512
21 64 1461
22 66 1523
23 64 1444
24 65 1481
25 63 1368
26 64 1366
27 65 1369
28 65 1375
29 62 1302
30 59 1213
0 35 503
1 35 503
2 35 503
3 47 735
4 46 716
5 56 1041
6 55 1096
7 60 1287
8 62 1346
9 64 1558
10 61 1371
11 61 1455
12 61 1513
13 62 1484
14 66 1601
15 64 1511
16 65 1546
17 64 1539
18 62 1461
19 62 1482
20 65 1494
21 66 1531
22 65 1528
23 66 1486
24 65 1386
25 66 1414
26 64 1381
27 65 1379
28 65 1356
29 65 1339
30 61 1246
0 35 542
1 35 542
2 35 542
3 42 718
4 48 894
5 53 1008
6 51 985
7 61 1263
8 60 1384
9 63 1530
10 63 1553
11 62 1504
12 58 1476
13 62 1501
14 63 1545
15 60 1419
16 65 1537
17 68 1612
18 65 1519
19 67 1554
20 68 1581
21 68 1497
22 66 1481
23 65 1420
24 66 1415
25 65 1386
26 65 1380
27 65 1370
28 65 1374
29 61 1305
30 65 1334
0 41 603
1 41 603
2 41 603
3 44 681
4 50 810
5 57 1064
6 59 1187
7 64 1412
8 62 1364
9 66 1639
10 63 1450
11 62 1531
12 64 1550
13 64 1627
14 59 1478
15 63 1513
16 61 1497
17 62 1501
18 64 1557
19 65 1520
20 67 1549
21 67 1539
22 68 1558
23 67 1491
24 65 1432
25 64 1377
26 64 1337
27 64 1331
28 64 1327
29 64 1305
30 61 1201
0 35 541
1 35 541
2 35 541
3 45 697
4 48 867
5 51 931
6 58 1096
7 60 1337
8 64 1401
9 63 1460
10 62 1480
11 62 1488
12 61 1533
13 61 1524
14 61 1507
15 62 1539
16 62 1573
17 63 1526
18 65 1535
19 64 1486
20 66 1522
21 67 1580
22 63 1416
23 63 1408
24 62 1364
25 64 1393
26 63 1316
27 63 1284
28 63 1280
29 59 1208
30 60 1205
0 36 478
1 36 478
2 36 478
3 46 754
4 48 794
5 59 1090
6 55 1173
7 63 1350
8 62 1427
9 61 1490
10 61 1567
11 63 1646
12 61 1501
13 64 1582
14 65 1604
15 64 1643
16 63 1581
17 63 1522
18 63 1575
19 64 1530
20 66 1576
21 66 1572
22 64 1474
23 63 1475
24 61 1367
25 61 1315
26 62 1295
27 62 1279
28 61 1225
29 61 1225
30 61 1209
0 33 520
1 33 520
2 33 520
3 44 699
4 46 768
5 53 939
6 55 1042
7 60 1165
8 64 1407
9 66 1473
10 62 1476
11 65 1594
12 64 1482
13 66 1561
14 63 1549
15 64 1539
16 66 1602
17 66 1554
18 66 1547
19 64 1499
20 64 1487
21 66 1542
22 66 1530
23 63 1389
24 63 1349
25 62 1322
26 62 1318
27 62 1306
28 62 1282
29 62 1274
30 60 1222
0 40 624
1 40 624
2 40 624
3 51 877
4 54 906
5 54 1013
6 55 1082
7 64 1347
8 63 1438
9 65 1503
10 60 1418
11 63 1576
12 62 1591
13 62 1533
14 64 1587
15 64 1486
16 64 1592
17 67 1608
18 67 1568
19 66 1525
20 67 1597
21 67 1588
22 67 1508
23 67 1512
24 67 1499
25 64 1361
26 64 1353
27 64 1325
28 63 1305
29 62 1242
30 63 1269
0 37 557
1 37 557
2 37 557
3 46 768
4 48 805
5 53 910
6 53 982
7 61 1394
8 59 1231
9 62 1466
10 63 1420
11 62 1569
12 61 1436
13 61 1507
14 64 1540
15 61 1449
16 63 1525
17 64 1490
18 65 1512
19 65 1502
20 65 1498
21 66 1511
22 65 1452
23 63 1392
24 67 1457
25 66 1451
26 65 1410
27 67 1412
28 66 1375
29 66 1340
30 65 1308
0 40 620
1 40 620
2 40 620
3 49 723
4 52 898
5 56 972
6 55 996
7 61 1330
8 60 1346
9 65 1618
10 61 1551
11 60 1430
12 62 1618
13 63 1530
14 64 1547
15 63 1553
16 65 1582
17 65 1580
18 64 1499
19 66 1536
20 65 1526
21 68 1576
22 68 1532
23 67 1476
24 65 1392
25 65 1400
26 65 1376
27 65 1368
28 65 1346
29 66 1359
30 66 1365
0 39 566
1 39 566
2 39 566
3 44 651
4 47 719
5 52 879
6 57 1129
7 60 1232
8 61 1290
9 64 1498
10 64 1538
11 62 1521
12 62 1535
13 64 1498
14 65 1551
15 63 1533
16 63 1464
17 63 1463
18 66 1520
19 66 1489
20 66 1498
21 68 1576
22 68 1534
23 64 1396
24 64 1398
25 64 1348
26 64 1339
27 64 1338
28 64 1341
29 62 1262
30 62 1245
0 40 636
1 40 636
2 40 636
3 51 852
4 49 788
5 54 1005
6 56 1085
7 60 1385
8 63 1469
9 62 1442
10 59 1518
11 58 1453
12 59 1526
13 57 1417
14 62 1501
15 59 1568
16 60 1484
17 62 1487
18 63 1546
19 63 1501
20 62 1462
21 65 1553
22 64 1471
23 67 1522
24 67 1533
25 65 1415
26 65 1401
27 64 1383
28 63 1338
29 62 1312
30 62 1299
0 36 540
1 36 540
2 36 540
3 49 804
4 46 755
5 57 1088
6 56 1089
7 62 1328
8 62 1428
9 65 1513
10 61 1468
11 60 1458
12 60 1438
13 59 1408
14 59 1416
15 62 1512
16 59 1423
17 62 1521
18 63 1484
19 65 1539
20 64 1493
21 65 1470
22 66 1521
23 66 1529
24 66 1487
25 65 1455
26 65 1433
27 65 1367
28 65 1343
29 64 1307
30 64 1307
0 35 499
1 35 499
2 35 499
3 45 673
4 47 756
5 60 1162
6 56 1119
7 64 1425
8 63 1545
9 63 1483
10 63 1639
11 62 1457
12 61 1556
13 61 1491
14 63 1535
15 64 1518
16 64 1546
17 63 1520
18 64 1492
19 66 1575
20 64 1537
21 66 1547
22 66 1529
23 66 1489
24 64 1413
25 64 1397
26 64 1393
27 64 1369
28 65 1386
29 64 1349
30 66 1382
0 36 541
1 36 541
2 36 541
3 43 668
4 52 940
5 58 1202
6 57 1196
7 62 1476
8 61 1484
9 64 1590
10 64 1623
11 62 1482
12 59 1440
13 63 1474
14 63 1528
15 65 1600
16 63 1525
17 64 1507
18 65 1577
19 68 1612
20 66 1621
21 66 1485
22 67 1557
23 64 1435
24 63 1415
25 63 1409
26 62 1390
27 63 1385
28 64 1415
29 62 1323
30 59 1233
0 39 628
1 39 628
2 39 628
3 49 774
4 46 823
5 58 1072
6 50 943
7 63 1362
8 61 1437
9 64 1495
10 61 1482
11 62 1568
12 63 1563
13 59 1429
14 61 1514
15 63 1523
16 61 1467
17 63 1514
18 65 1535
19 66 1538
20 67 1648
21 65 1530
22 66 1543
23 66 1513
24 64 1443
25 64 1436
26 64 1394
27 64 1386
28 64 1384
29 62 1302
30 62 1282
0 39 608
1 39 608
2 39 608
3 49 828
4 48 791
5 53 961
6 54 1000
7 60 1320
8 59 1325
9 66 1547
10 62 1545
11 63 1572
12 62 1509
13 62 1568
14 62 1471
15 64 1558
16 62 1540
17 65 1561
18 65 1599
19 67 1579
20 66 1583
21 68 1595
22 65 1482
23 65 1485
24 65 1452
25 65 1446
26 62 1347
27 61 1309
28 63 1338
29 62 1297
30 62 1256
0 34 530
1 34 530
2 34 530
3 46 747
4 51 878
5 57 1070
6 55 1050
7 63 1418
8 59 1373
9 61 1568
10 58 1428
11 61 1532
12 57 1451
13 61 1506
14 55 1314
15 55 1329
16 56 1349
17 57 1353
18 60 1459
19 60 1477
20 62 1527
21 65 1545
22 63 1445
23 63 1437
24 64 1446
25 63 1339
26 63 1345
27 63 1329
28 64 1320
29 65 1342
30 65 1328
0 35 550
1 35 550
2 35 550
3 49 866
4 47 825
5 55 1034
6 56 1142
7 58 1194
8 60 1367
9 62 1540
10 63 1629
11 61 1538
12 63 1631
13 62 1536
14 65 1592
15 65 1613
16 63 1574
17 67 1590
18 64 1591
19 64 1496
20 66 1587
21 67 1550
22 65 1457
23 65 1431
24 65 1393
25 65 1383
26 63 1354
27 64 1379
28 62 1326
29 60 1232
30 60 1224
0 36 549
1 36 549
2 36 549
3 46 679
4 47 803
5 54 1013
6 56 1079
7 60 1349
8 63 1427
9 64 1555
10 61 1442
11 60 1430
12 62 1616
13 61 1507
14 62 1534
15 61 1471
16 62 1542
17 63 1514
18 63 1456
19 65 1516
20 64 1481
21 63 1441
22 64 1434
23 65 1456
24 64 1421
25 64 1379
26 64 1369
27 65 1360
28 65 1358
29 65 1330
30 65 1342
0 39 633
1 39 633
2 39 633
3 44 740
4 51 894
5 57 1030
6 57 1155
7 58 1194
8 64 1422
9 60 1412
10 63 1572
11 61 1419
12 63 1516
13 64 1570
14 62 1477
15 66 1606
16 66 1579
17 63 1457
18 66 1527
19 63 1441
20 64 1450
21 67 1514
22 67 1510
23 66 1516
24 65 1355
25 65 1387
26 65 1393
27 65 1339
28 65 1287
29 65 1351
30 64 1310
0 45 629
1 45 629
2 45 629
3 45 682
4 50 840
5 56 999
6 56 1157
7 57 1228
8 60 1362
9 62 1597
10 63 1458
11 59 1468
12 62 1558
13 57 1437
14 62 1558
15 60 1499
16 61 1527
17 64 1543
18 65 1537
19 67 1531
20 67 1497
21 65 1457
22 65 1441
23 65 1435
24 64 1403
25 64 1390
26 65 1363
27 65 1359
28 61 1236
29 61 1228
30 59 1181
0 40 575
1 40 575
2 40 575
3 50 847
4 51 888
5 60 1169
6 55 1158
7 63 1428
8 62 1412
9 65 1501
10 61 1446
11 62 1571
12 61 1536
13 60 1462
14 58 1461
15 61 1517
16 65 1573
17 64 1555
18 63 1541
19 65 1483
20 65 1507
21 65 1467
22 65 1461
23 65 1460
24 65 1513
25 62 1400
26 64 1417
27 64 1385
28 63 1342
29 60 1233
30 61 1233
0 39 586
1 39 586
2 39 586
3 51 863
4 48 779
5 57 1115
6 54 1073
7 62 1369
8 62 1423
9 64 1515
10 63 1525
11 61 1503
12 65 1614
13 62 1482
14 62 1484
15 65 1593
16 62 1418
17 67 1600
18 66 1578
19 63 1524
20 65 1527
21 65 1561
22 63 1528
23 63 1461
24 64 1462
25 62 1365
26 62 1369
27 62 1340
28 62 1345
29 61 1288
30 60 1247
0 37 552
1 37 552
2 37 552
3 49 791
4 43 716
5 54 1047
6 55 1067
7 61 1297
8 61 1398
9 58 1486
10 65 1619
11 61 1539
12 66 1687
13 61 1498
14 64 1503
15 64 1536
16 64 1483
17 67 1549
18 66 1498
19 67 1544
20 66 1502
21 66 1527
22 67 1508
23 63 1370
24 63 1335
25 60 1253
26 60 1213
27 60 1197
28 60 1167
29 60 1199
30 60 1203
0 32 471
1 32 471
2 32 471
3 44 778
4 46 802
5 50 881
6 55 1168
7 60 1340
8 59 1316
9 64 1538
10 64 1591
11 63 1470
12 63 1526
13 65 1589
14 66 1608
15 64 1554
16 67 1623
17 66 1568
18 67 1582
19 67 1578
20 65 1489
21 66 1509
22 66 1514
23 66 1482
24 67 1514
25 65 1444
26 64 1393
27 64 1398
28 64 1369
29 61 1291
30 62 1289
0 41 608
1 41 608
2 41 608
3 47 767
4 46 769
5 51 910
6 54 1051
7 62 1442
8 59 1420
9 62 1471
10 63 1562
11 63 1529
12 63 1499
13 64 1540
14 64 1562
15 66 1587
16 62 1539
17 64 1615
18 66 1533
19 67 1638
20 66 1533
21 66 1457
22 67 1518
23 66 1448
24 64 1382
25 64 1370
26 65 1371
27 64 1348
28 64 1340
29 62 1279
30 63 1317
0 34 451
1 34 451
2 34 451
3 46 749
4 49 823
5 53 930
6 56 1051
7 59 1195
8 61 1421
9 62 1458
10 63 1521
11 64 1551
12 62 1574
13 63 1579
14 64 1642
15 65 1555
16 63 1541
17 65 1515
18 66 1557
19 66 1544
20 65 1486
21 65 1461
22 67 1516
23 64 1450
24 65 1420
25 64 1390
26 64 1360
27 65 1369
28 65 1345
29 62 1261
30 62 1275
0 38 579
1 38 579
2 38 579
3 49 804
4 46 781
5 54 953
6 57 1086
7 63 1359
8 60 1341
9 60 1466
10 62 1458
11 60 1456
12 59 1427
13 61 1475
14 62 1479
15 60 1424
16 61 1445
17 60 1476
18 68 1597
19 66 1535
20 67 1538
21 66 1499
22 67 1582
23 62 1389
24 62 1363
25 61 1332
26 61 1280
27 61 1318
28 61 1284
29 61 1254
30 61 1248
0 40 666
1 40 666
2 40 666
3 47 760
4 51 888
5 53 964
6 54 1048
7 61 1329
8 63 1329
9 64 1419
10 63 1443
11 63 1531
12 62 1559
13 63 1523
14 63 1506
15 65 1547
16 65 1569
17 64 1519
18 65 1490
19 65 1491
20 67 1541
21 65 1473
22 65 1449
23 65 1433
24 67 1429
25 66 1408
26 65 1394
27 62 1322
28 61 1315
29 61 1287
30 61 1275
0 38 534
1 38 534
2 38 534
3 46 771
4 51 798
5 58 1052
6 55 1126
7 61 1334
8 62 1516
9 62 1507
10 62 1545
11 61 1626
12 61 1581
13 63 1594
14 64 1662
15 60 1539
16 64 1637
17 64 1588
18 62 1530
19 65 1546
20 66 1526
21 66 1512
22 66 1519
23 67 1530
24 66 1466
25 66 1440
26 66 1442
27 65 1366
28 65 1360
29 64 1322
30 65 1332
0 35 516
1 35 516
2 35 516
3 48 750
4 44 816
5 52 990
6 54 1152
7 61 1281
8 60 1399
9 65 1550
10 65 1580
11 64 1578
12 61 1578
13 63 1525
14 64 1568
15 64 1570
16 65 1600
17 64 1544
18 67 1575
19 68 1553
20 67 1539
21 67 1518
22 66 1460
23 64 1444
24 66 1473
25 66 1455
26 63 1370
27 66 1406
28 66 1382
29 64 1359
30 64 1357
0 42 641
1 42 641
2 42 641
3 50 814
4 50 849
5 57 1013
6 60 1212
7 61 1323
8 63 1430
9 64 1513
10 63 1560
11 62 1539
12 58 1527
13 59 1537
14 58 1450
15 59 1491
16 60 1538
17 63 1485
18 64 1515
19 64 1482
20 65 1488
21 65 1473
22 66 1476
23 66 1466
24 62 1322
25 62 1324
26 62 1306
27 62 1316
28 62 1282
29 62 1251
30 62 1249
0 38 577
1 38 577
2 38 577
3 46 736
4 45 683
5 52 1016
6 57 1141
7 60 1374
8 59 1324
9 64 1566
10 62 1542
11 65 1639
12 62 1530
13 64 1570
14 65 1587
15 66 1608
16 67 1591
17 66 1579
18 66 1596
19 66 1564
20 66 1485
21 65 1453
22 66 1496
23 65 1411
24 65 1389
25 65 1378
26 64 1356
27 63 1306
28 65 1388
29 62 1278
30 62 1272
0 38 576
1 38 576
2 38 576
3 48 775
4 49 786
5 57 1090
6 57 1206
7 62 1339
8 63 1390
9 63 1551
10 64 1564
11 61 1490
12 63 1548
13 60 1438
14 58 1352
15 60 1444
16 61 1473
17 61 1494
18 64 1544
19 66 1496
20 66 1540
21 65 1483
22 63 1445
23 67 1483
24 67 1497
25 66 1435
26 63 1363
27 62 1298
28 62 1298
29 62 1250
30 61 1259
0 37 575
1 37 575
2 37 575
3 48 727
4 52 892
5 56 1074
6 60 1171
7 63 1364
8 62 1333
9 62 1462
10 62 1424
11 61 1527
12 61 1555
13 59 1513
14 60 1508
15 61 1616
16 61 1550
17 61 1482
18 63 1596
19 64 1583
20 65 1564
21 64 1501
22 66 1512
23 66 1525
24 63 1430
25 64 1428
26 65 1426
27 65 1418
28 65 1384
29 59 1209
30 59 1199
0 38 555
1 38 555
2 38 555
3 48 788
4 46 734
5 57 1040
6 60 1168
7 64 1441
8 62 1434
9 64 1550
10 60 1479
11 65 1591
12 62 1586
13 63 1556
14 64 1600
15 63 1590
16 64 1563
17 66 1580
18 65 1536
19 67 1586
20 65 1495
21 64 1463
22 65 1459
23 65 1411
24 65 1417
25 64 1416
26 65 1385
27 64 1338
28 64 1356
29 63 1302
30 62 1236
0 38 534
1 38 534
2 38 534
3 50 833
4 51 866
5 56 1081
6 58 1136
7 61 1385
8 58 1243
9 60 1438
10 63 1526
11 61 1470
12 61 1572
13 61 1551
14 62 1526
15 63 1518
16 62 1548
17 64 1575
18 65 1550
19 67 1578
20 65 1519
21 66 1507
22 65 1473
23 64 1412
24 64 1400
25 66 1420
26 64 1357
27 64 1332
28 64 1314
29 64 1306
30 63 1273
0 37 569
1 37 569
2 37 569
3 45 782
4 47 846
5 57 1110
6 59 1079
7 65 1401
8 63 1423
9 68 1555
10 66 1636
11 64 1565
12 64 1568
13 66 1580
14 65 1589
15 64 1552
16 66 1590
17 67 1563
18 66 1591
19 66 1581
20 65 1511
21 68 1574
22 67 1520
23 66 1473
24 66 1457
25 65 1418
26 65 1418
27 63 1400
28 64 1412
29 64 1400
30 64 1404
0 37 564
1 37 564
2 37 564
3 45 747
4 47 811
5 54 951
6 58 1124
7 59 1252
8 60 1434
9 65 1515
10 62 1569
11 63 1540
12 61 1407
13 67 1626
14 64 1520
15 65 1544
16 63 1538
17 65 1490
18 63 1474
19 62 1439
20 64 1423
21 66 1419
22 64 1364
23 64 1378
24 65 1368
25 65 1372
26 65 1371
27 65 1336
28 65 1322
29 62 1278
30 59 1231
0 38 616
1 38 616
2 38 616
3 48 791
4 47 788
5 55 969
6 54 1010
7 60 1341
8 62 1483
9 63 1524
10 65 1641
11 59 1525
12 62 1574
13 59 1469
14 61 1525
15 64 1543
16 64 1563
17 63 1542
18 65 1586
19 66 1566
20 65 1501
21 65 1469
22 67 1538
23 66 1478
24 65 1483
25 64 1456
26 64 1412
27 64 1414
28 64 1368
29 64 1364
30 62 1293
0 37 560
1 37 560
2 37 560
3 44 703
4 48 880
5 52 978
6 57 1085
7 61 1305
8 59 1314
9 63 1399
10 66 1550
11 63 1555
12 64 1483
13 66 1570
14 65 1564
15 67 1573
16 65 1589
17 65 1556
18 64 1450
19 67 1527
20 67 1519
21 66 1470
22 67 1469
23 66 1470
24 68 1478
25 66 1404
26 64 1317
27 63 1339
28 64 1332
29 66 1330
30 65 1285
0 34 544
1 34 544
2 34 544
3 46 813
4 47 809
5 53 988
6 55 1079
7 61 1310
8 60 1373
9 63 1533
10 64 1638
11 61 1477
12 65 1685
13 61 1521
14 63 1515
15 64 1609
16 63 1500
17 65 1533
18 62 1459
19 65 1557
20 66 1484
21 66 1460
22 66 1450
23 63 1370
24 64 1409
25 63 1352
26 63 1340
27 62 1306
28 62 1292
29 62 1289
30 62 1275
0 38 577
1 38 577
2 38 577
3 47 743
4 48 803
5 54 986
6 55 1059
7 64 1503
8 62 1369
9 64 1531
10 64 1597
11 61 1523
12 64 1594
13 63 1620
14 64 1573
15 67 1578
16 66 1576
17 66 1585
18 68 1575
19 67 1538
20 67 1501
21 63 1424
22 64 1457
23 64 1384
24 64 1366
25 65 1395
26 65 1371
27 65 1354
28 63 1308
29 64 1338
30 64 1336
0 35 529
1 35 529
2 35 529
3 44 748
4 48 865
5 54 1053
6 59 1209
7 59 1197
8 60 1339
9 61 1457
10 61 1472
11 62 1588
12 61 1520
13 65 1613
14 63 1580
15 62 1562
16 66 1630
17 64 1569
18 65 1551
19 64 1512
20 66 1521
21 64 1474
22 62 1417
23 63 1383
24 63 1385
25 63 1365
26 63 1363
27 63 1337
28 63 1335
29 64 1319
30 64 1323
0 40 606
1 40 606
2 40 606
3 48 763
4 47 739
5 60 1073
6 56 1048
7 62 1361
8 61 1363
9 61 1486
10 60 1454
11 63 1580
12 58 1492
13 61 1570
14 61 1549
15 61 1484
16 64 1603
17 62 1472
18 63 1567
19 64 1527
20 66 1586
21 67 1574
22 66 1576
23 65 1440
24 65 1394
25 64 1361
26 64 1337
27 62 1295
28 62 1273
29 62 1239
30 62 1249
0 40 628
1 40 628
2 40 628
3 50 811
4 52 926
5 56 1040
6 56 1198
7 63 1399
8 63 1508
9 60 1506
10 62 1558
11 61 1547
12 61 1482
13 62 1502
14 64 1619
15 65 1594
16 64 1563
17 67 1663
18 66 1624
19 67 1653
20 66 1657
21 67 1566
22 67 1533
23 65 1513
24 65 1447
25 63 1413
26 64 1391
27 64 1371
28 63 1346
29 62 1291
30 62 1278

FINAL RESULT:69
heat: 21
length: 1248
[('25', '30'), ('6', '18'), ('16', '23'), ('30', '38'), ('48', '45'), ('47', '1'), ('38', '41'), ('4', '11'), ('27', '40'), ('26', '7'), ('31', '41'), ('1', '40'), ('47', '30'), ('22', '43'), ('31', '33'), ('50', '29'), ('14', '46'), ('6', '40'), ('19', '43'), ('50', '13'), ('13', '6'), ('15', '44'), ('1', '4'), ('9', '5'), ('46', '39'), ('7', '34'), ('44', '32'), ('27', '42'), ('37', '21'), ('39', '8'), ('23', '45'), ('12', '46'), ('38', '3'), ('17', '9'), ('49', '3'), ('45', '29'), ('15', '47'), ('49', '35'), ('22', '34'), ('18', '36'), ('33', '3'), ('35', '20'), ('17', '11'), ('39', '50'), ('40', '4'), ('34', '32'), ('35', '3'), ('4', '22'), ('38', '44'), ('28', '48'), ('40', '39'), ('15', '35'), ('28', '39'), ('4', '15'), ('13', '10'), ('33', '26'), ('13', '37'), ('28', '37'), ('6', '42'), ('15', '17'), ('2', '12'), ('12', '11'), ('26', '18'), ('2', '21'), ('45', '35'), ('34', '8'), ('2', '38'), ('31', '8'), ('41', '48'), ('2', '14')]
