heat, value, length
0 37 566
1 37 566
2 37 566
3 48 788
4 46 778
5 56 1025
6 59 1158
7 58 1232
8 62 1479
9 63 1497
10 62 1511
11 59 1527
12 61 1495
13 67 1616
14 62 1526
15 66 1584
16 62 1519
17 63 1509
18 64 1560
19 62 1515
20 60 1460
21 65 1492
22 60 1417
23 63 1468
24 64 1477
25 64 1483
26 64 1379
27 62 1336
28 60 1328
29 62 1311
30 63 1348
0 37 575
1 37 575
2 37 575
3 50 846
4 49 902
5 56 1073
6 57 1156
7 58 1218
8 59 1402
9 62 1496
10 61 1584
11 60 1531
12 63 1590
13 62 1557
14 65 1586
15 62 1547
16 65 1583
17 62 1521
18 64 1550
19 66 1608
20 63 1564
21 66 1615
22 67 1628
23 68 1611
24 66 1546
25 64 1435
26 65 1423
27 64 1335
28 65 1342
29 65 1395
30 65 1371
0 34 484
1 34 484
2 34 484
3 45 719
4 47 761
5 54 1008
6 57 1120
7 61 1226
8 62 1367
9 66 1456
10 63 1549
11 64 1550
12 62 1597
13 65 1564
14 66 1602
15 66 1574
16 65 1566
17 64 1475
18 68 1636
19 65 1553
20 66 1526
21 65 1535
22 65 1445
23 65 1424
24 65 1439
25 64 1366
26 63 1314
27 64 1362
28 66 1364
29 65 1336
30 61 1224
0 39 599
1 39 599
2 39 599
3 44 692
4 45 744
5 55 1003
6 56 1074
7 60 1285
8 61 1338
9 63 1465
10 64 1624
11 62 1545
12 62 1553
13 61 1454
14 63 1545
15 61 1498
16 63 1530
17 63 1539
18 62 1528
19 66 1549
20 63 1453
21 65 1451
22 66 1506
23 66 1468
24 65 1470
25 65 1449
26 65 1407
27 65 1405
28 65 1401
29 62 1295
30 62 1289
0 36 555
1 36 555
2 36 555
3 44 784
4 46 806
5 55 990
6 56 1117
7 63 1375
8 63 1427
9 66 1561
10 65 1515
11 63 1536
12 63 1498
13 64 1542
14 64 1536
15 64 1590
16 67 1564
17 63 1483
18 64 1518
19 66 1503
20 65 1449
21 64 1418
22 67 1481
23 64 1412
24 65 1431
25 62 1353
26 62 1342
27 64 1348
28 64 1336
29 64 1330
30 62 1302
0 38 591
1 38 591
2 38 591
3 43 674
4 45 770
5 51 1011
6 54 1072
7 59 1263
8 59 1322
9 63 1530
10 61 1613
11 61 1544
12 63 1505
13 64 1565
14 65 1565
15 66 1627
16 65 1616
17 65 1578
18 64 1488
19 63 1487
20 64 1462
21 64 1467
22 64 1461
23 65 1431
24 64 1385
25 65 1398
26 64 1341
27 65 1364
28 65 1348
29 65 1376
30 65 1352
0 43 642
1 43 642
2 43 642
3 51 798
4 49 801
5 56 1093
6 60 1202
7 64 1380
8 63 1414
9 63 1570
10 62 1509
11 62 1586
12 59 1489
13 62 1539
14 60 1500
15 63 1539
16 67 1679
17 63 1501
18 64 1498
19 62 1534
20 63 1503
21 65 1536
22 66 1550
23 66 1527
24 65 1538
25 65 1471
26 64 1350
27 64 1352
28 64 1356
29 64 1317
30 63 1288
0 37 514
1 37 514
2 37 514
3 45 781
4 48 782
5 52 1001
6 56 1101
7 61 1314
8 61 1448
9 65 1494
10 61 1501
11 59 1394
12 61 1472
13 62 1465
14 62 1562
15 62 1534
16 65 1582
17 65 1611
18 62 1476
19 63 1473
20 65 1531
21 65 1495
22 63 1440
23 65 1450
24 66 1465
25 65 1416
26 65 1380
27 66 1429
28 66 1417
29 66 1407
30 65 1344
0 42 645
1 42 645
2 42 645
3 49 745
4 47 757
5 56 1043
6 54 1017
7 62 1317
8 63 1395
9 62 1440
10 67 1579
11 66 1667
12 63 1607
13 64 1597
14 66 1607
15 67 1662
16 66 1658
17 65 1580
18 68 1673
19 64 1549
20 68 1548
21 65 1533
22 67 1568
23 68 1546
24 68 1488
25 68 1494
26 69 1484
27 67 1457
28 66 1387
29 62 1280
30 62 1262
0 36 538
1 36 538
2 36 538
3 50 852
4 51 920
5 60 1184
6 58 1149
7 62 1378
8 63 1397
9 59 1345
10 63 1527
11 61 1536
12 62 1507
13 61 1559
14 59 1430
15 59 1383
16 62 1489
17 61 1500
18 63 1550
19 65 1503
20 65 1545
21 65 1524
22 65 1494
23 66 1480
24 64 1418
25 64 1404
26 62 1357
27 61 1342
28 61 1326
29 61 1364
30 60 1261
0 36 561
1 36 561
2 36 561
3 43 675
4 47 820
5 54 1003
6 54 1069
7 61 1297
8 58 1342
9 64 1532
10 61 1437
11 60 1435
12 61 1485
13 62 1528
14 59 1520
15 58 1423
16 63 1523
17 63 1480
18 65 1529
19 66 1564
20 67 1547
21 68 1565
22 68 1536
23 68 1515
24 66 1451
25 65 1411
26 61 1324
27 61 1314
28 60 1311
29 64 1319
30 62 1297
0 36 572
1 36 572
2 36 572
3 50 809
4 51 834
5 55 1033
6 52 1078
7 59 1356
8 58 1401
9 60 1520
10 58 1466
11 56 1394
12 55 1405
13 62 1482
14 63 1520
15 62 1536
16 62 1492
17 62 1493
18 65 1569
19 67 1527
20 64 1439
21 67 1525
22 66 1496
23 66 1442
24 67 1465
25 66 1415
26 65 1379
27 65 1363
28 64 1331
29 61 1289
30 60 1256
0 38 541
1 38 541
2 38 541
3 50 815
4 49 903
5 57 1128
6 52 1029
7 61 1347
8 59 1336
9 61 1451
10 63 1569
11 59 1471
12 59 1487
13 57 1413
14 59 1527
15 60 1497
16 61 1500
17 61 1536
18 62 1550
19 65 1591
20 65 1547
21 66 1556
22 67 1571
23 66 1510
24 65 1430
25 61 1332
26 61 1318
27 61 1328
28 61 1300
29 65 1380
30 62 1307
0 38 571
1 38 571
2 38 571
3 46 721
4 48 812
5 55 1038
6 54 1116
7 60 1314
8 59 1463
9 60 1483
10 62 1595
11 60 1530
12 62 1602
13 60 1527
14 65 1596
15 64 1579
16 65 1630
17 66 1659
18 66 1595
19 66 1621
20 66 1581
21 64 1485
22 63 1461
23 64 1412
24 62 1375
25 62 1375
26 63 1367
27 63 1369
28 63 1361
29 63 1325
30 62 1303
0 36 548
1 36 548
2 36 548
3 46 756
4 45 708
5 58 1112
6 57 1138
7 62 1394
8 61 1427
9 64 1525
10 64 1532
11 62 1537
12 63 1528
13 62 1547
14 62 1610
15 64 1565
16 63 1593
17 64 1537
18 66 1606
19 67 1617
20 67 1639
21 65 1533
22 65 1488
23 67 1460
24 63 1364
25 61 1310
26 62 1317
27 62 1286
28 62 1286
29 62 1254
30 61 1229
0 42 619
1 42 619
2 42 619
3 48 836
4 52 883
5 58 1063
6 56 1075
7 62 1293
8 64 1481
9 64 1568
10 62 1487
11 63 1573
12 61 1507
13 61 1498
14 60 1445
15 65 1606
16 64 1577
17 66 1615
18 69 1652
19 68 1626
20 65 1514
21 66 1492
22 66 1448
23 66 1426
24 66 1422
25 66 1398
26 65 1378
27 63 1291
28 63 1311
29 64 1286
30 62 1230
0 35 522
1 35 522
2 35 522
3 43 692
4 49 879
5 56 1041
6 57 1035
7 61 1351
8 63 1354
9 63 1502
10 64 1548
11 62 1469
12 60 1454
13 60 1467
14 63 1586
15 64 1567
16 63 1518
17 63 1531
18 64 1510
19 65 1532
20 65 1530
21 64 1477
22 65 1474
23 64 1410
24 63 1340
25 63 1332
26 63 1334
27 63 1324
28 63 1316
29 63 1302
30 60 1230
0 35 545
1 35 545
2 35 545
3 45 697
4 47 773
5 57 1036
6 54 994
7 60 1291
8 64 1393
9 62 1513
10 63 1478
11 62 1525
12 62 1559
13 63 1521
14 62 1599
15 65 1580
16 65 1602
17 65 1604
18 64 1543
19 66 1573
20 65 1530
21 65 1496
22 65 1488
23 64 1442
24 64 1454
25 64 1394
26 64 1388
27 64 1389
28 64 1387
29 60 1269
30 60 1253
0 42 641
1 42 641
2 42 641
3 46 720
4 47 776
5 55 1035
6 59 1191
7 61 1307
8 63 1513
9 61 1437
10 59 1425
11 63 1606
12 60 1601
13 59 1466
14 61 1497
15 61 1515
16 61 1498
17 64 1512
18 63 1495
19 64 1473
20 66 1607
21 64 1461
22 67 1495
23 66 1447
24 66 1438
25 66 1450
26 63 1375
27 63 1375
28 64 1393
29 63 1298
30 60 1222
0 35 510
1 35 510
2 35 510
3 45 745
4 42 681
5 53 1040
6 56 1118
7 60 1269
8 61 1348
9 63 1492
10 62 1400
11 62 1543
12 62 1509
13 59 1461
14 60 1423
15 67 1625
16 66 1571
17 66 1571
18 66 1533
19 67 1510
20 67 1518
21 66 1497
22 66 1523
23 64 1399
24 64 1401
25 63 1293
26 63 1307
27 63 1307
28 62 1246
29 61 1242
30 61 1236
0 36 561
1 36 561
2 36 561
3 46 798
4 49 850
5 48 892
6 56 1158
7 62 1307
8 59 1298
9 64 1452
10 65 1543
11 63 1538
12 61 1541
13 66 1579
14 63 1584
15 68 1636
16 68 1644
17 63 1524
18 63 1545
19 65 1556
20 65 1581
21 67 1585
22 66 1535
23 68 1530
24 64 1447
25 64 1419
26 64 1402
27 63 1367
28 63 1351
29 61 1254
30 61 1254
0 37 557
1 37 557
2 37 557
3 44 735
4 52 930
5 55 1064
6 50 1026
7 61 1304
8 60 1408
9 67 1612
10 63 1619
11 63 1540
12 64 1577
13 62 1555
14 62 1519
15 66 1564
16 67 1640
17 63 1533
18 63 1498
19 67 1560
20 66 1506
21 66 1497
22 65 1442
23 64 1408
24 62 1342
25 64 1406
26 64 1394
27 64 1332
28 63 1299
29 62 1281
30 61 1233
0 38 593
1 38 593
2 38 593
3 49 788
4 45 719
5 54 992
6 56 1160
7 60 1314
8 61 1374
9 61 1440
10 61 1525
11 62 1547
12 60 1555
13 59 1472
14 61 1510
15 65 1611
16 65 1573
17 64 1536
18 66 1596
19 67 1511
20 67 1511
21 66 1457
22 67 1492
23 67 1508
24 67 1457
25 63 1340
26 63 1344
27 64 1346
28 63 1304
29 63 1309
30 63 1285
0 35 487
1 35 487
2 35 487
3 47 715
4 46 777
5 57 1016
6 55 1077
7 63 1281
8 61 1391
9 64 1476
10 64 1572
11 63 1492
12 63 1535
13 61 1469
14 64 1560
15 64 1538
16 65 1510
17 68 1579
18 67 1554
19 68 1547
20 66 1495
21 67 1528
22 66 1517
23 67 1476
24 65 1413
25 63 1356
26 61 1309
27 61 1289
28 62 1264
29 61 1261
30 62 1264
0 38 541
1 38 541
2 38 541
3 47 797
4 51 847
5 58 1100
6 55 1148
7 60 1304
8 61 1521
9 61 1518
10 63 1600
11 63 1578
12 60 1487
13 59 1467
14 61 1505
15 61 1491
16 62 1502
17 64 1592
18 64 1533
19 62 1488
20 65 1522
21 65 1563
22 66 1510
23 62 1386
24 64 1415
25 64 1401
26 64 1442
27 64 1364
28 64 1374
29 62 1317
30 62 1301
0 34 502
1 34 502
2 34 502
3 47 764
4 46 691
5 59 1084
6 55 1014
7 60 1217
8 59 1222
9 63 1476
10 62 1531
11 64 1572
12 61 1438
13 62 1533
14 65 1625
15 65 1569
16 65 1551
17 68 1649
18 67 1564
19 67 1616
20 66 1529
21 66 1482
22 66 1500
23 64 1437
24 63 1388
25 63 1370
26 63 1333
27 62 1335
28 62 1294
29 62 1276
30 62 1280
0 42 690
1 42 690
2 42 690
3 51 866
4 51 874
5 58 1135
6 59 1201
7 63 1405
8 62 1363
9 64 1532
10 64 1596
11 61 1555
12 61 1521
13 64 1627
14 63 1600
15 63 1572
16 63 1556
17 66 1562
18 65 1581
19 64 1545
20 64 1544
21 67 1624
22 64 1563
23 64 1412
24 64 1399
25 62 1332
26 65 1414
27 65 1396
28 65 1350
29 64 1358
30 64 1328
0 39 633
1 39 633
2 39 633
3 48 813
4 46 729
5 52 909
6 54 1011
7 62 1434
8 61 1438
9 61 1497
10 59 1512
11 60 1485
12 58 1458
13 59 1504
14 61 1608
15 61 1519
16 63 1552
17 66 1562
18 63 1573
19 65 1587
20 66 1625
21 68 1556
22 66 1467
23 67 1443
24 67 1451
25 67 1441
26 67 1429
27 66 1389
28 66 1383
29 66 1386
30 66 1372
0 36 546
1 36 546
2 36 546
3 44 699
4 45 845
5 56 1048
6 55 1066
7 62 1243
8 65 1405
9 65 1461
10 67 1624
11 63 1668
12 66 1657
13 64 1643
14 63 1541
15 64 1559
16 63 1518
17 65 1551
18 65 1571
19 65 1532
20 65 1505
21 64 1512
22 64 1434
23 62 1367
24 65 1443
25 64 1422
26 65 1388
27 64 1356
28 64 1350
29 62 1294
30 63 1286
0 36 534
1 36 534
2 36 534
3 46 797
4 45 810
5 54 924
6 54 1070
7 64 1393
8 61 1499
9 64 1504
10 63 1577
11 61 1401
12 60 1464
13 66 1652
14 65 1581
15 67 1645
16 66 1529
17 66 1558
18 66 1570
19 66 1528
20 66 1514
21 68 1593
22 66 1502
23 66 1448
24 66 1446
25 66 1444
26 67 1409
27 66 1377
28 66 1375
29 65 1366
30 66 1363
0 35 519
1 35 519
2 35 519
3 51 845
4 50 840
5 54 960
6 56 1167
7 66 1557
8 60 1394
9 63 1550
10 63 1515
11 60 1391
12 60 1507
13 60 1493
14 63 1564
15 65 1579
16 65 1547
17 65 1587
18 62 1542
19 66 1571
20 65 1511
21 63 1462
22 66 1502
23 65 1474
24 66 1459
25 65 1420
26 67 1437
27 68 1436
28 66 1374
29 62 1277
30 65 1370
0 37 586
1 37 586
2 37 586
3 46 760
4 50 880
5 55 1059
6 56 1113
7 64 1354
8 61 1452
9 65 1607
10 60 1417
11 60 1435
12 61 1524
13 58 1438
14 59 1497
15 63 1520
16 60 1493
17 61 1460
18 64 1478
19 63 1488
20 63 1387
21 64 1441
22 63 1362
23 63 1364
24 64 1429
25 63 1364
26 63 1350
27 64 1333
28 62 1261
29 62 1281
30 61 1253
0 36 560
1 36 560
2 36 560
3 44 720
4 50 896
5 56 1103
6 57 1138
7 60 1333
8 59 1315
9 60 1439
10 64 1569
11 61 1487
12 63 1548
13 63 1529
14 66 1619
15 64 1556
16 66 1595
17 67 1631
18 66 1558
19 67 1571
20 69 1607
21 67 1580
22 64 1459
23 64 1476
24 64 1428
25 62 1359
26 61 1300
27 62 1307
28 62 1285
29 62 1261
30 62 1261
0 38 591
1 38 591
2 38 591
3 41 658
4 46 771
5 55 1067
6 56 1038
7 57 1211
8 59 1290
9 63 1468
10 64 1553
11 66 1576
12 65 1601
13 65 1567
14 65 1589
15 63 1535
16 65 1622
17 66 1590
18 66 1536
19 65 1516
20 65 1471
21 66 1496
22 65 1430
23 66 1474
24 65 1437
25 64 1356
26 65 1418
27 64 1379
28 65 1383
29 63 1295
30 64 1327
0 37 601
1 37 601
2 37 601
3 48 778
4 47 756
5 55 1017
6 57 1112
7 62 1387
8 61 1367
9 62 1548
10 62 1643
11 61 1508
12 61 1558
13 61 1604
14 64 1572
15 63 1515
16 62 1543
17 64 1550
18 65 1548
19 64 1607
20 65 1528
21 65 1528
22 65 1468
23 64 1431
24 64 1445
25 64 1435
26 64 1429
27 64 1409
28 64 1423
29 63 1348
30 62 1335
0 38 569
1 38 569
2 38 569
3 47 778
4 48 777
5 56 1066
6 56 1065
7 59 1307
8 57 1270
9 66 1584
10 63 1528
11 62 1536
12 60 1458
13 63 1537
14 64 1542
15 63 1564
16 63 1537
17 67 1644
18 65 1529
19 65 1586
20 65 1499
21 65 1515
22 65 1479
23 65 1459
24 65 1455
25 65 1433
26 63 1373
27 63 1361
28 63 1365
29 62 1311
30 62 1281
0 38 557
1 38 557
2 38 557
3 48 790
4 50 882
5 56 1068
6 52 997
7 60 1314
8 63 1387
9 65 1545
10 66 1580
11 63 1476
12 62 1535
13 64 1602
14 64 1580
15 67 1595
16 68 1590
17 66 1560
18 66 1530
19 67 1567
20 65 1518
21 67 1553
22 67 1571
23 66 1488
24 66 1405
25 62 1286
26 61 1248
27 62 1266
28 61 1245
29 62 1234
30 62 1238
0 41 587
1 41 587
2 41 587
3 50 824
4 49 885
5 55 1005
6 57 1123
7 61 1255
8 58 1296
9 63 1524
10 62 1500
11 62 1580
12 64 1525
13 64 1606
14 64 1550
15 64 1552
16 65 1569
17 66 1599
18 64 1551
19 67 1570
20 67 1501
21 64 1535
22 64 1466
23 65 1481
24 64 1416
25 64 1365
26 64 1365
27 65 1360
28 65 1366
29 65 1344
30 60 1217
0 38 655
1 38 655
2 38 655
3 48 821
4 43 741
5 56 1091
6 57 1199
7 63 1397
8 63 1516
9 62 1459
10 60 1521
11 62 1525
12 61 1555
13 63 1593
14 66 1637
15 62 1623
16 67 1628
17 66 1557
18 66 1536
19 66 1545
20 66 1507
21 65 1476
22 64 1465
23 63 1489
24 65 1506
25 64 1376
26 64 1398
27 63 1330
28 63 1352
29 64 1311
30 64 1333
0 39 511
1 39 511
2 39 511
3 48 769
4 51 814
5 57 1014
6 57 1093
7 59 1252
8 61 1441
9 61 1432
10 64 1526
11 64 1595
12 59 1496
13 63 1478
14 65 1579
15 64 1547
16 65 1568
17 66 1601
18 65 1558
19 64 1534
20 62 1516
21 67 1488
22 65 1437
23 64 1405
24 63 1347
25 63 1341
26 62 1303
27 62 1297
28 62 1273
29 62 1294
30 62 1278
0 38 557
1 38 557
2 38 557
3 48 757
4 46 749
5 58 1099
6 56 1131
7 60 1288
8 63 1473
9 64 1610
10 61 1518
11 64 1571
12 60 1506
13 64 1568
14 59 1463
15 62 1581
16 67 1631
17 65 1523
18 62 1477
19 66 1539
20 67 1591
21 65 1496
22 65 1444
23 62 1333
24 62 1295
25 62 1289
26 62 1253
27 62 1229
28 62 1239
29 62 1217
30 62 1209
0 39 574
1 39 574
2 39 574
3 48 727
4 51 935
5 57 1072
6 61 1159
7 59 1245
8 64 1431
9 64 1527
10 62 1516
11 63 1580
12 60 1427
13 58 1463
14 60 1469
15 62 1500
16 59 1504
17 61 1552
18 59 1443
19 66 1597
20 63 1471
21 63 1448
22 63 1442
23 66 1416
24 66 1420
25 63 1317
26 64 1338
27 65 1373
28 65 1371
29 65 1332
30 62 1242
0 38 602
1 38 602
2 38 602
3 45 733
4 47 817
5 53 1003
6 51 1077
7 59 1341
8 58 1375
9 62 1494
10 65 1650
11 58 1449
12 58 1504
13 59 1448
14 62 1495
15 61 1502
16 63 1528
17 62 1529
18 65 1566
19 64 1535
20 67 1539
21 62 1444
22 64 1482
23 64 1398
24 64 1414
25 64 1432
26 64 1390
27 64 1400
28 63 1371
29 61 1305
30 60 1234
0 36 589
1 36 589
2 36 589
3 48 842
4 48 809
5 57 1187
6 58 1138
7 63 1303
8 62 1308
9 63 1500
10 65 1566
11 62 1562
12 66 1603
13 64 1572
14 66 1604
15 66 1604
16 65 1627
17 61 1530
18 65 1530
19 67 1567
20 66 1540
21 67 1551
22 67 1465
23 63 1405
24 61 1383
25 61 1371
26 61 1363
27 60 1314
28 61 1313
29 62 1309
30 61 1290
0 34 549
1 34 549
2 34 549
3 50 831
4 47 812
5 56 1065
6 58 1130
7 60 1304
8 61 1339
9 66 1553
10 64 1545
11 60 1448
12 63 1576
13 60 1468
14 62 1583
15 61 1502
16 60 1545
17 64 1568
18 65 1536
19 65 1544
20 65 1512
21 67 1551
22 65 1517
23 65 1498
24 65 1474
25 65 1489
26 64 1400
27 61 1343
28 61 1313
29 58 1187
30 58 1189
0 39 596
1 39 596
2 39 596
3 47 776
4 49 857
5 57 1024
6 57 1123
7 62 1362
8 59 1392
9 65 1611
10 66 1744
11 62 1574
12 61 1534
13 63 1585
14 59 1490
15 63 1602
16 63 1590
17 65 1550
18 67 1606
19 63 1495
20 64 1496
21 65 1476
22 65 1522
23 65 1520
24 64 1439
25 65 1449
26 64 1385
27 64 1393
28 63 1330
29 63 1340
30 62 1255
0 39 587
1 39 587
2 39 587
3 47 744
4 48 838
5 55 1014
6 56 1119
7 59 1142
8 62 1365
9 64 1440
10 63 1517
11 65 1615
12 59 1488
13 65 1599
14 65 1566
15 67 1618
16 65 1586
17 66 1599
18 68 1581
19 67 1582
20 64 1502
21 64 1493
22 63 1418
23 63 1380
24 63 1394
25 63 1404
26 63 1382
27 63 1356
28 61 1323
29 61 1305
30 60 1271
0 36 544
1 36 544
2 36 544
3 45 757
4 50 847
5 54 965
6 55 1112
7 59 1154
8 62 1361
9 64 1576
10 63 1582
11 62 1500
12 64 1515
13 65 1572
14 63 1535
15 64 1518
16 66 1601
17 66 1562
18 64 1514
19 64 1441
20 66 1524
21 64 1486
22 63 1420
23 61 1314
24 61 1300
25 61 1286
26 61 1264
27 61 1272
28 61 1248
29 60 1251
30 59 1242
0 37 589
1 37 589
2 37 589
3 47 760
4 50 872
5 54 1005
6 57 1079
7 61 1286
8 60 1337
9 62 1497
10 66 1580
11 61 1462
12 60 1488
13 59 1506
14 59 1468
15 61 1507
16 63 1556
17 64 1588
18 63 1486
19 64 1487
20 65 1522
21 66 1556
22 64 1485
23 64 1473
24 65 1469
25 63 1367
26 63 1355
27 62 1320
28 61 1301
29 62 1298
30 60 1258
0 33 547
1 33 547
2 33 547
3 42 708
4 45 785
5 54 1054
6 58 1242
7 58 1302
8 61 1321
9 64 1582
10 66 1613
11 62 1516
12 64 1571
13 64 1569
14 62 1485
15 61 1555
16 63 1513
17 63 1513
18 65 1573
19 68 1618
20 67 1576
21 66 1467
22 67 1476
23 66 1458
24 66 1458
25 66 1458
26 66 1408
27 66 1412
28 64 1358
29 63 1337
30 63 1321
0 36 534
1 36 534
2 36 534
3 47 767
4 51 870
5 57 1010
6 58 1198
7 64 1386
8 63 1378
9 63 1449
10 62 1484
11 61 1494
12 63 1519
13 60 1452
14 64 1567
15 62 1567
16 63 1501
17 61 1423
18 68 1584
19 65 1512
20 67 1524
21 66 1495
22 65 1450
23 66 1475
24 66 1477
25 64 1399
26 65 1403
27 65 1378
28 64 1355
29 64 1348
30 64 1368
0 39 633
1 39 633
2 39 633
3 44 689
4 48 774
5 53 909
6 53 971
7 59 1176
8 63 1397
9 64 1504
10 62 1423
11 60 1477
12 57 1403
13 62 1504
14 58 1376
15 58 1383
16 59 1455
17 61 1468
18 61 1466
19 62 1505
20 61 1437
21 62 1415
22 64 1464
23 64 1493
24 65 1490
25 60 1327
26 59 1309
27 59 1297
28 60 1273
29 59 1248
30 59 1244
0 40 595
1 40 595
2 40 595
3 51 854
4 50 842
5 56 1073
6 55 1061
7 62 1353
8 61 1369
9 61 1554
10 63 1528
11 65 1613
12 62 1561
13 64 1571
14 64 1595
15 64 1626
16 64 1562
17 65 1588
18 65 1544
19 66 1545
20 65 1516
21 67 1569
22 66 1502
23 64 1414
24 64 1410
25 65 1451
26 66 1438
27 65 1411
28 63 1361
29 63 1333
30 63 1311
0 37 533
1 37 533
2 37 533
3 47 815
4 48 796
5 53 969
6 56 1074
7 59 1185
8 59 1250
9 65 1463
10 62 1478
11 62 1525
12 62 1530
13 63 1493
14 63 1526
15 65 1565
16 62 1427
17 65 1554
18 64 1522
19 63 1459
20 65 1494
21 63 1432
22 65 1420
23 64 1415
24 63 1396
25 62 1329
26 62 1317
27 62 1345
28 62 1299
29 60 1265
30 59 1260
0 38 612
1 38 612
2 38 612
3 50 795
4 50 873
5 57 1056
6 57 1127
7 63 1384
8 64 1453
9 64 1541
10 62 1548
11 61 1592
12 58 1434
13 59 1461
14 58 1447
15 61 1530
16 61 1521
17 58 1473
18 62 1563
19 62 1485
20 61 1435
21 57 1296
22 66 1517
23 66 1485
24 66 1485
25 65 1436
26 63 1387
27 63 1377
28 63 1349
29 60 1217
30 59 1170
0 34 504
1 34 504
2 34 504
3 47 756
4 43 756
5 59 1141
6 54 1087
7 61 1320
8 58 1342
9 64 1521
10 62 1436
11 58 1436
12 61 1487
13 57 1421
14 58 1442
15 61 1472
16 63 1569
17 63 1509
18 68 1658
19 68 1616
20 65 1492
21 65 1436
22 65 1446
23 64 1413
24 65 1412
25 63 1347
26 65 1392
27 63 1348
28 63 1357
29 62 1285
30 61 1281
0 40 574
1 40 574
2 40 574
3 46 749
4 44 736
5 56 1073
6 56 1181
7 60 1254
8 61 1381
9 65 1568
10 66 1546
11 66 1694
12 61 1526
13 61 1492
14 61 1438
15 64 1551
16 66 1588
17 66 1548
18 65 1518
19 65 1474
20 65 1461
21 65 1427
22 65 1407
23 65 1409
24 65 1385
25 64 1348
26 64 1350
27 64 1350
28 63 1301
29 61 1256
30 63 1269
0 37 566
1 37 566
2 37 566
3 47 762
4 46 775
5 53 924
6 59 1232
7 58 1230
8 61 1349
9 64 1504
10 62 1532
11 62 1517
12 62 1609
13 60 1473
14 66 1622
15 64 1524
16 65 1530
17 65 1545
18 66 1575
19 63 1541
20 65 1516
21 63 1418
22 62 1382
23 61 1346
24 61 1314
25 61 1305
26 62 1316
27 62 1324
28 62 1298
29 59 1205
30 57 1139
0 39 583
1 39 583
2 39 583
3 47 740
4 46 815
5 55 1056
6 58 1156
7 64 1382
8 63 1446
9 66 1600
10 62 1418
11 67 1608
12 64 1635
13 63 1543
14 67 1630
15 65 1530
16 65 1577
17 66 1535
18 66 1585
19 68 1600
20 66 1530
21 67 1513
22 67 1507
23 66 1450
24 67 1447
25 66 1404
26 65 1364
27 65 1366
28 65 1366
29 63 1286
30 62 1276
0 40 633
1 40 633
2 40 633
3 48 746
4 49 797
5 56 1102
6 55 1109
7 64 1356
8 62 1303
9 64 1497
10 61 1491
11 63 1608
12 59 1465
13 59 1519
14 57 1518
15 60 1507
16 61 1475
17 63 1503
18 62 1553
19 64 1551
20 62 1517
21 65 1537
22 65 1523
23 63 1409
24 63 1338
25 61 1304
26 63 1353
27 62 1309
28 62 1315
29 61 1269
30 61 1271
0 37 557
1 37 557
2 37 557
3 47 724
4 47 735
5 56 977
6 57 1145
7 59 1324
8 62 1412
9 65 1511
10 63 1565
11 65 1610
12 63 1536
13 63 1542
14 64 1603
15 63 1574
16 66 1629
17 65 1603
18 64 1541
19 67 1627
20 65 1618
21 66 1520
22 66 1514
23 63 1415
24 63 1386
25 64 1404
26 63 1372
27 64 1371
28 63 1358
29 60 1248
30 60 1250
0 35 488
1 35 488
2 35 488
3 42 637
4 47 770
5 54 1007
6 58 1229
7 62 1375
8 61 1395
9 67 1572
10 59 1522
11 63 1484
12 61 1605
13 65 1558
14 64 1611
15 63 1643
16 61 1572
17 64 1571
18 63 1595
19 68 1690
20 66 1602
21 66 1589
22 65 1500
23 64 1474
24 64 1404
25 64 1406
26 60 1293
27 59 1257
28 60 1276
29 61 1269
30 60 1260
0 36 524
1 36 524
2 36 524
3 45 740
4 48 806
5 51 959
6 55 1192
7 62 1412
8 64 1500
9 65 1543
10 64 1541
11 65 1544
12 63 1534
13 63 1531
14 66 1645
15 63 1584
16 64 1561
17 65 1557
18 66 1530
19 67 1555
20 66 1532
21 66 1596
22 66 1463
23 66 1435
24 65 1407
25 65 1384
26 65 1378
27 66 1381
28 63 1311
29 63 1302
30 62 1274
0 38 618
1 38 618
2 38 618
3 48 808
4 49 744
5 55 988
6 57 1153
7 64 1329
8 56 1303
9 62 1412
10 63 1580
11 60 1488
12 58 1406
13 60 1419
14 62 1512
15 62 1545
16 63 1547
17 63 1537
18 67 1553
19 64 1519
20 67 1553
21 67 1541
22 65 1496
23 65 1452
24 63 1380
25 63 1358
26 63 1342
27 63 1322
28 61 1252
29 61 1254
30 60 1230
0 43 664
1 43 664
2 43 664
3 48 831
4 51 924
5 56 1076
6 57 1092
7 61 1293
8 64 1480
9 64 1494
10 64 1572
11 61 1535
12 64 1558
13 63 1491
14 65 1582
15 62 1489
16 65 1544
17 65 1592
18 67 1511
19 67 1558
20 64 1515
21 67 1546
22 66 1534
23 67 1516
24 67 1544
25 64 1356
26 64 1382
27 64 1368
28 63 1324
29 64 1338
30 62 1289
0 36 523
1 36 523
2 36 523
3 47 785
4 49 821
5 55 1056
6 55 1126
7 61 1351
8 61 1380
9 62 1386
10 64 1507
11 63 1568
12 59 1540
13 62 1498
14 62 1519
15 67 1549
16 64 1565
17 64 1585
18 65 1526
19 65 1491
20 67 1579
21 63 1477
22 64 1477
23 63 1400
24 63 1354
25 63 1346
26 63 1350
27 62 1300
28 62 1304
29 60 1262
30 60 1250
0 37 530
1 37 530
2 37 530
3 50 834
4 50 836
5 57 1067
6 53 980
7 63 1376
8 60 1350
9 63 1388
10 62 1480
11 65 1564
12 63 1546
13 62 1505
14 63 1543
15 64 1573
16 65 1604
17 62 1537
18 65 1605
19 66 1537
20 64 1460
21 65 1479
22 65 1437
23 65 1445
24 64 1346
25 64 1336
26 62 1275
27 62 1263
28 62 1269
29 61 1186
30 61 1174
0 41 589
1 41 589
2 41 589
3 48 729
4 55 902
5 58 1141
6 60 1189
7 65 1363
8 65 1426
9 66 1587
10 65 1571
11 64 1583
12 63 1598
13 62 1492
14 65 1607
15 63 1490
16 64 1588
17 63 1497
18 65 1619
19 66 1572
20 68 1544
21 65 1461
22 66 1535
23 65 1447
24 67 1499
25 66 1414
26 65 1368
27 64 1333
28 64 1321
29 62 1294
30 61 1252
0 36 577
1 36 577
2 36 577
3 42 729
4 49 841
5 54 976
6 54 1068
7 61 1365
8 60 1303
9 62 1488
10 62 1525
11 58 1531
12 61 1553
13 62 1560
14 62 1531
15 62 1545
16 64 1588
17 63 1580
18 66 1601
19 68 1623
20 65 1557
21 66 1528
22 65 1476
23 66 1486
24 64 1435
25 65 1452
26 65 1414
27 65 1402
28 65 1346
29 64 1334
30 65 1354
0 39 546
1 39 546
2 39 546
3 46 761
4 50 886
5 51 1009
6 56 1129
7 59 1289
8 63 1469
9 66 1554
10 63 1527
11 63 1481
12 64 1568
13 64 1561
14 60 1457
15 60 1461
16 62 1514
17 66 1562
18 64 1533
19 64 1510
20 65 1486
21 63 1458
22 63 1422
23 63 1386
24 65 1425
25 65 1387
26 65 1392
27 65 1388
28 65 1366
29 67 1382
30 66 1343
0 40 589
1 40 589
2 40 589
3 48 815
4 52 903
5 55 973
6 57 1046
7 63 1248
8 60 1323
9 64 1552
10 63 1493
11 63 1503
12 61 1500
13 62 1498
14 62 1518
15 61 1463
16 65 1588
17 65 1575
18 65 1550
19 64 1543
20 64 1477
21 66 1528
22 66 1511
23 65 1478
24 64 1377
25 62 1330
26 61 1287
27 61 1267
28 61 1235
29 62 1317
30 62 1291
0 39 577
1 39 577
2 39 577
3 50 807
4 51 895
5 57 1103
6 56 1125
7 61 1341
8 58 1391
9 64 1536
10 62 1547
11 62 1495
12 62 1518
13 58 1420
14 63 1524
15 65 1589
16 63 1546
17 64 1556
18 63 1526
19 64 1524
20 65 1516
21 64 1498
22 63 1441
23 65 1497
24 65 1439
25 63 1398
26 60 1294
27 61 1311
28 61 1273
29 61 1269
30 65 1365
0 35 541
1 35 541
2 35 541
3 42 631
4 46 784
5 54 1070
6 58 1124
7 59 1206
8 63 1432
9 63 1505
10 63 1547
11 63 1565
12 62 1506
13 61 1477
14 62 1512
15 60 1459
16 60 1424
17 61 1502
18 67 1568
19 66 1530
20 64 1451
21 64 1452
22 63 1420
23 64 1461
24 63 1436
25 64 1395
26 62 1338
27 61 1343
28 59 1239
29 58 1227
30 58 1229
0 37 567
1 37 567
2 37 567
3 47 852
4 45 808
5 51 942
6 56 1181
7 58 1257
8 60 1285
9 62 1466
10 64 1525
11 60 1539
12 60 1487
13 59 1492
14 59 1465
15 64 1537
16 63 1544
17 67 1659
18 66 1565
19 67 1594
20 67 1593
21 67 1586
22 68 1581
23 66 1507
24 66 1449
25 66 1449
26 62 1390
27 64 1397
28 65 1375
29 65 1353
30 61 1270
0 43 657
1 43 657
2 43 657
3 49 819
4 49 857
5 56 1064
6 53 1101
7 62 1289
8 63 1481
9 63 1569
10 63 1539
11 61 1602
12 59 1583
13 59 1484
14 60 1519
15 60 1494
16 60 1490
17 60 1486
18 62 1506
19 63 1519
20 63 1458
21 65 1500
22 66 1538
23 66 1463
24 66 1459
25 66 1441
26 65 1372
27 66 1429
28 65 1395
29 62 1305
30 61 1234
0 37 561
1 37 561
2 37 561
3 49 811
4 47 789
5 56 1058
6 57 1230
7 61 1310
8 60 1501
9 60 1486
10 60 1537
11 58 1360
12 60 1424
13 58 1424
14 58 1356
15 59 1358
16 58 1376
17 61 1467
18 63 1493
19 65 1560
20 66 1526
21 66 1512
22 65 1429
23 64 1404
24 64 1410
25 64 1382
26 64 1362
27 64 1376
28 64 1340
29 64 1304
30 63 1256
0 37 546
1 37 546
2 37 546
3 50 846
4 49 875
5 54 997
6 55 1092
7 60 1302
8 63 1574
9 65 1597
10 62 1524
11 57 1362
12 59 1516
13 59 1416
14 58 1449
15 61 1489
16 61 1484
17 60 1388
18 61 1467
19 64 1476
20 60 1399
21 67 1540
22 67 1513
23 64 1474
24 63 1419
25 63 1435
26 64 1412
27 64 1414
28 65 1391
29 63 1270
30 59 1193
0 34 510
1 34 510
2 34 510
3 41 620
4 48 859
5 54 1015
6 53 1003
7 58 1128
8 60 1256
9 65 1533
10 63 1567
11 63 1434
12 65 1566
13 63 1495
14 66 1584
15 64 1581
16 63 1534
17 63 1527
18 65 1518
19 67 1581
20 67 1629
21 67 1507
22 67 1505
23 65 1422
24 67 1472
25 65 1382
26 65 1382
27 66 1377
28 66 1359
29 67 1437
30 62 1313
0 37 543
1 37 543
2 37 543
3 47 816
4 48 837
5 56 1049
6 53 1098
7 61 1319
8 60 1393
9 63 1591
10 64 1594
11 62 1426
12 62 1528
13 60 1453
14 60 1459
15 64 1544
16 64 1591
17 63 1510
18 64 1463
19 65 1530
20 65 1498
21 66 1516
22 62 1399
23 62 1367
24 62 1345
25 62 1334
26 62 1314
27 62 1296
28 62 1294
29 62 1281
30 62 1267
0 28 460
1 28 460
2 28 460
3 45 741
4 46 855
5 49 898
6 54 997
7 56 1142
8 62 1357
9 62 1400
10 61 1483
11 63 1517
12 62 1511
13 62 1489
14 60 1498
15 63 1519
16 63 1505
17 64 1559
18 64 1484
19 64 1475
20 64 1489
21 65 1448
22 64 1417
23 65 1394
24 65 1390
25 64 1404
26 64 1352
27 64 1346
28 64 1340
29 64 1326
30 64 1308
0 41 589
1 41 589
2 41 589
3 48 785
4 51 879
5 55 1017
6 57 1176
7 62 1421
8 62 1511
9 61 1483
10 60 1606
11 60 1536
12 60 1552
13 60 1566
14 62 1582
15 63 1530
16 63 1608
17 64 1627
18 65 1570
19 69 1688
20 65 1525
21 66 1505
22 65 1497
23 65 1471
24 64 1415
25 64 1378
26 64 1376
27 65 1403
28 62 1309
29 60 1243
30 60 1217
0 35 559
1 35 559
2 35 559
3 47 736
4 49 814
5 56 1005
6 57 1075
7 59 1328
8 62 1396
9 63 1556
10 65 1553
11 66 1595
12 62 1560
13 61 1537
14 62 1530
15 65 1551
16 64 1555
17 65 1529
18 66 1522
19 66 1502
20 66 1448
21 66 1454
22 66 1454
23 66 1413
24 65 1405
25 63 1353
26 63 1345
27 62 1314
28 63 1317
29 63 1287
30 62 1280
0 39 573
1 39 573
2 39 573
3 49 838
4 52 901
5 58 1014
6 58 1185
7 61 1321
8 64 1490
9 65 1480
10 62 1509
11 64 1600
12 57 1473
13 62 1579
14 60 1537
15 64 1566
16 63 1545
17 64 1534
18 64 1511
19 65 1542
20 66 1530
21 66 1554
22 65 1493
23 65 1462
24 65 1414
25 67 1434
26 67 1458
27 63 1350
28 63 1382
29 63 1368
30 64 1360
0 41 567
1 41 567
2 41 567
3 50 755
4 49 814
5 55 944
6 58 1074
7 61 1221
8 60 1365
9 67 1587
10 66 1614
11 63 1501
12 65 1569
13 62 1560
14 63 1569
15 61 1469
16 62 1526
17 64 1537
18 65 1520
19 68 1621
20 66 1567
21 67 1537
22 65 1424
23 63 1387
24 63 1352
25 62 1285
26 63 1295
27 63 1297
28 63 1271
29 64 1280
30 62 1239
0 39 594
1 39 594
2 39 594
3 49 822
4 48 756
5 55 1071
6 55 1021
7 63 1407
8 60 1353
9 64 1596
10 63 1542
11 61 1523
12 62 1488
13 61 1495
14 62 1559
15 63 1531
16 66 1616
17 62 1593
18 66 1616
19 67 1547
20 66 1575
21 66 1536
22 65 1497
23 64 1408
24 64 1398
25 64 1378
26 63 1349
27 64 1368
28 63 1356
29 63 1331
30 63 1320
0 42 630
1 42 630
2 42 630
3 51 820
4 45 729
5 58 1099
6 56 1099
7 59 1318
8 59 1313
9 64 1467
10 66 1630
11 63 1574
12 68 1590
13 63 1505
14 64 1570
15 63 1575
16 62 1535
17 66 1512
18 67 1575
19 63 1483
20 64 1451
21 63 1435
22 64 1421
23 65 1435
24 65 1406
25 63 1382
26 65 1370
27 63 1320
28 63 1272
29 61 1245
30 62 1255
0 38 546
1 38 546
2 38 546
3 46 769
4 48 909
5 57 1064
6 54 1085
7 64 1408
8 63 1453
9 60 1425
10 61 1486
11 64 1630
12 62 1612
13 62 1556
14 62 1595
15 61 1569
16 64 1600
17 62 1525
18 63 1534
19 64 1533
20 64 1518
21 64 1503
22 64 1525
23 64 1505
24 64 1489
25 65 1458
26 65 1438
27 64 1400
28 63 1372
29 64 1377
30 66 1388
0 39 551
1 39 551
2 39 551
3 45 728
4 48 834
5 54 1052
6 56 1050
7 58 1277
8 61 1396
9 65 1589
10 62 1448
11 63 1509
12 64 1538
13 62 1554
14 64 1555
15 65 1626
16 65 1545
17 65 1559
18 67 1611
19 66 1529
20 67 1491
21 67 1521
22 66 1416
23 66 1431
24 65 1414
25 65 1398
26 65 1349
27 66 1354
28 65 1343
29 63 1265
30 63 1253
0 40 621
1 40 621
2 40 621
3 46 757
4 50 919
5 56 1078
6 54 1160
7 60 1298
8 62 1375
9 62 1425
10 62 1560
11 61 1477
12 59 1480
13 62 1449
14 60 1457
15 61 1482
16 60 1507
17 59 1456
18 62 1503
19 64 1426
20 65 1480
21 61 1390
22 64 1453
23 65 1414
24 65 1438
25 65 1416
26 65 1390
27 65 1376
28 63 1285
29 63 1281
30 64 1288
0 35 548
1 35 548
2 35 548
3 46 714
4 48 831
5 58 1129
6 58 1193
7 62 1404
8 61 1473
9 67 1580
10 65 1632
11 63 1617
12 61 1553
13 64 1571
14 63 1585
15 67 1666
16 64 1602
17 65 1620
18 66 1571
19 66 1553
20 65 1499
21 66 1459
22 67 1501
23 64 1438
24 64 1432
25 65 1399
26 64 1380
27 64 1319
28 65 1356
29 65 1358
30 63 1317
0 39 601
1 39 601
2 39 601
3 43 686
4 46 755
5 53 1035
6 52 979
7 60 1282
8 60 1320
9 65 1514
10 61 1487
11 62 1542
12 62 1533
13 62 1521
14 61 1428
15 62 1488
16 61 1454
17 64 1499
18 65 1518
19 63 1489
20 65 1530
21 65 1492
22 65 1468
23 64 1414
24 64 1376
25 62 1322
26 61 1270
27 63 1365
28 60 1282
29 61 1286
30 60 1246
0 39 581
1 39 581
2 39 581
3 45 720
4 48 812
5 56 1034
6 56 1128
7 58 1263
8 62 1475
9 64 1564
10 63 1611
11 61 1552
12 61 1511
13 59 1492
14 61 1509
15 65 1616
16 63 1556
17 65 1564
18 64 1536
19 64 1486
20 64 1466
21 65 1477
22 64 1436
23 63 1371
24 64 1416
25 64 1356
26 63 1315
27 62 1277
28 62 1287
29 61 1228
30 61 1204
0 34 505
1 34 505
2 34 505
3 48 790
4 48 844
5 59 1165
6 55 1182
7 62 1344
8 61 1525
9 61 1400
10 61 1532
11 61 1515
12 61 1582
13 61 1577
14 63 1618
15 66 1662
16 64 1634
17 66 1621
18 66 1585
19 63 1553
20 66 1580
21 65 1515
22 65 1523
23 65 1485
24 62 1355
25 64 1436
26 66 1451
27 64 1404
28 62 1339
29 61 1312
30 60 1251
0 38 498
1 38 498
2 38 498
3 48 756
4 49 815
5 57 1103
6 57 1145
7 62 1351
8 63 1425
9 62 1568
10 61 1400
11 61 1551
12 60 1523
13 65 1557
14 63 1529
15 65 1592
16 65 1563
17 63 1509
18 62 1480
19 67 1595
20 68 1586
21 67 1536
22 68 1542
23 67 1475
24 67 1437
25 66 1380
26 66 1378
27 66 1340
28 62 1261
29 63 1267
30 62 1221
0 44 660
1 44 660
2 44 660
3 49 812
4 48 785
5 56 972
6 59 1099
7 60 1302
8 64 1399
9 64 1505
10 64 1554
11 61 1433
12 61 1521
13 63 1527
14 62 1572
15 63 1521
16 65 1587
17 63 1539
18 66 1574
19 67 1580
20 65 1517
21 64 1456
22 65 1448
23 64 1421
24 64 1393
25 63 1374
26 62 1363
27 63 1329
28 63 1323
29 63 1293
30 63 1273
0 38 568
1 38 568
2 38 568
3 45 745
4 48 789
5 48 879
6 55 1052
7 62 1328
8 60 1342
9 64 1561
10 63 1452
11 64 1526
12 64 1511
13 65 1585
14 64 1531
15 66 1587
16 67 1608
17 67 1550
18 66 1504
19 64 1489
20 64 1425
21 64 1407
22 63 1397
23 63 1357
24 62 1286
25 62 1280
26 64 1329
27 62 1290
28 61 1252
29 66 1354
30 66 1314
0 41 609
1 41 609
2 41 609
3 48 775
4 48 775
5 52 933
6 56 1119
7 58 1257
8 62 1444
9 65 1483
10 64 1474
11 64 1596
12 63 1585
13 64 1566
14 63 1527
15 64 1522
16 63 1523
17 66 1559
18 66 1526
19 66 1523
20 65 1499
21 66 1485
22 66 1471
23 66 1491
24 66 1415
25 67 1484
26 66 1405
27 67 1466
28 63 1356
29 60 1264
30 60 1252
0 36 593
1 36 593
2 36 593
3 45 767
4 50 882
5 52 974
6 53 1068
7 60 1293
8 62 1486
9 65 1493
10 64 1569
11 63 1503
12 64 1580
13 64 1538
14 63 1553
15 65 1570
16 65 1523
17 66 1550
18 65 1549
19 67 1526
20 67 1558
21 67 1482
22 65 1421
23 63 1389
24 62 1313
25 62 1311
26 62 1331
27 63 1311
28 62 1309
29 63 1279
30 63 1271
0 35 542
1 35 542
2 35 542
3 47 749
4 48 868
5 55 1035
6 51 1020
7 60 1214
8 62 1407
9 65 1586
10 65 1605
11 63 1556
12 63 1565
13 61 1561
14 62 1523
15 62 1472
16 61 1537
17 64 1536
18 67 1562
19 66 1546
20 66 1539
21 68 1515
22 67 1482
23 66 1451
24 66 1419
25 65 1385
26 65 1373
27 65 1351
28 65 1367
29 63 1310
30 63 1302
0 37 519
1 37 519
2 37 519
3 46 764
4 50 818
5 55 1047
6 55 1093
7 59 1254
8 59 1335
9 60 1399
10 61 1416
11 58 1423
12 59 1434
13 59 1427
14 57 1456
15 59 1435
16 61 1538
17 61 1504
18 60 1446
19 61 1500
20 65 1584
21 66 1526
22 65 1482
23 66 1494
24 66 1498
25 63 1393
26 63 1389
27 63 1346
28 62 1320
29 61 1301
30 61 1289
0 35 554
1 35 554
2 35 554
3 45 746
4 51 874
5 59 1120
6 58 1239
7 62 1346
8 65 1528
9 63 1506
10 63 1570
11 63 1532
12 63 1606
13 63 1526
14 62 1515
15 63 1545
16 63 1544
17 65 1626
18 62 1549
19 62 1462
20 64 1455
21 67 1558
22 66 1501
23 65 1462
24 67 1485
25 64 1425
26 62 1365
27 63 1396
28 62 1319
29 61 1306
30 60 1258

FINAL RESULT:69
heat: 26
length: 1378
[('45', '35'), ('23', '45'), ('34', '8'), ('38', '44'), ('13', '37'), ('38', '41'), ('15', '35'), ('33', '3'), ('35', '20'), ('49', '35'), ('17', '11'), ('17', '9'), ('31', '41'), ('15', '44'), ('18', '36'), ('41', '48'), ('48', '45'), ('2', '38'), ('22', '34'), ('46', '39'), ('34', '32'), ('31', '33'), ('14', '46'), ('26', '7'), ('28', '39'), ('15', '17'), ('12', '11'), ('1', '4'), ('45', '29'), ('50', '29'), ('40', '4'), ('9', '5'), ('39', '50'), ('40', '39'), ('4', '11'), ('28', '48'), ('27', '40'), ('6', '42'), ('6', '40'), ('13', '10'), ('50', '13'), ('33', '26'), ('4', '22'), ('35', '3'), ('12', '46'), ('2', '12'), ('19', '43'), ('49', '3'), ('47', '1'), ('15', '47'), ('1', '40'), ('26', '18'), ('4', '15'), ('28', '37'), ('2', '21'), ('39', '8'), ('47', '30'), ('44', '32'), ('13', '6'), ('27', '42'), ('7', '34'), ('31', '8'), ('25', '30'), ('30', '38'), ('16', '23'), ('38', '3'), ('22', '43'), ('2', '14'), ('37', '21'), ('6', '18')]
