heat, value, length
7 58 1232
8 62 1479
9 63 1497
10 62 1511
11 59 1527
12 61 1495
13 67 1616
14 62 1526
15 66 1584
16 62 1519
17 63 1509
18 64 1560
19 62 1515
20 60 1460
21 65 1492
22 60 1417
23 63 1468
24 64 1477
25 64 1483
26 64 1379
27 62 1336
28 60 1328
29 62 1311
30 63 1348
7 63 1357
8 64 1525
9 65 1582
10 64 1631
11 65 1540
12 64 1528
13 65 1552
14 63 1533
15 65 1549
16 63 1539
17 62 1462
18 66 1570
19 67 1526
20 66 1529
21 65 1466
22 65 1471
23 65 1461
24 65 1421
25 64 1414
26 64 1388
27 64 1399
28 63 1360
29 66 1344
30 65 1299
7 60 1201
8 63 1441
9 64 1511
10 63 1531
11 65 1666
12 63 1597
13 61 1543
14 63 1599
15 64 1600
16 65 1623
17 63 1510
18 66 1618
19 67 1655
20 66 1582
21 65 1500
22 65 1502
23 65 1445
24 65 1408
25 63 1351
26 62 1300
27 62 1284
28 61 1296
29 62 1321
30 61 1276
7 61 1327
8 60 1312
9 65 1589
10 55 1285
11 63 1579
12 58 1450
13 58 1442
14 57 1399
15 62 1499
16 61 1474
17 65 1551
18 64 1470
19 65 1511
20 66 1526
21 67 1539
22 66 1483
23 66 1471
24 66 1465
25 66 1447
26 66 1408
27 64 1316
28 64 1312
29 64 1301
30 64 1281
7 59 1309
8 62 1497
9 59 1358
10 62 1534
11 59 1455
12 62 1513
13 59 1474
14 58 1444
15 63 1559
16 59 1434
17 61 1420
18 66 1535
19 65 1490
20 68 1586
21 68 1556
22 64 1427
23 63 1367
24 63 1357
25 62 1308
26 62 1302
27 62 1312
28 62 1246
29 61 1223
30 62 1208
7 58 1202
8 62 1492
9 64 1498
10 64 1661
11 63 1533
12 61 1541
13 64 1651
14 63 1581
15 63 1529
16 63 1540
17 63 1547
18 64 1545
19 63 1518
20 64 1498
21 65 1477
22 65 1481
23 65 1450
24 65 1450
25 65 1424
26 65 1406
27 64 1389
28 64 1369
29 64 1351
30 64 1347
7 61 1293
8 61 1394
9 63 1523
10 65 1641
11 61 1532
12 64 1633
13 64 1675
14 64 1602
15 66 1627
16 65 1604
17 62 1523
18 63 1546
19 65 1589
20 65 1541
21 66 1500
22 66 1496
23 66 1472
24 66 1452
25 63 1382
26 62 1335
27 62 1337
28 62 1347
29 62 1317
30 61 1277
7 60 1345
8 62 1362
9 66 1607
10 66 1568
11 67 1637
12 65 1557
13 64 1598
14 64 1584
15 66 1647
16 65 1598
17 66 1585
18 65 1541
19 66 1554
20 66 1518
21 66 1541
22 67 1481
23 66 1438
24 66 1430
25 66 1416
26 65 1366
27 65 1330
28 65 1336
29 63 1294
30 63 1276
7 63 1377
8 61 1353
9 66 1591
10 62 1551
11 63 1486
12 61 1525
13 61 1460
14 60 1468
15 61 1467
16 63 1530
17 64 1533
18 64 1526
19 63 1485
20 66 1583
21 64 1495
22 66 1509
23 64 1458
24 64 1442
25 64 1420
26 64 1376
27 62 1340
28 62 1307
29 63 1332
30 61 1240
7 61 1368
8 60 1281
9 64 1493
10 64 1575
11 63 1526
12 63 1520
13 64 1439
14 65 1529
15 65 1597
16 66 1554
17 66 1536
18 67 1550
19 68 1502
20 66 1477
21 67 1514
22 67 1492
23 67 1461
24 66 1415
25 66 1402
26 66 1406
27 66 1384
28 65 1361
29 64 1320
30 63 1255
7 59 1239
8 63 1413
9 62 1494
10 66 1555
11 60 1441
12 59 1423
13 62 1452
14 64 1539
15 63 1463
16 63 1475
17 66 1549
18 66 1586
19 67 1520
20 66 1523
21 66 1490
22 68 1512
23 64 1378
24 64 1402
25 63 1367
26 63 1343
27 63 1325
28 63 1321
29 62 1272
30 62 1248
7 61 1376
8 58 1325
9 62 1503
10 63 1533
11 59 1472
12 59 1511
13 59 1571
14 61 1533
15 64 1618
16 61 1516
17 63 1505
18 64 1532
19 66 1560
20 67 1563
21 66 1527
22 64 1454
23 64 1454
24 63 1392
25 63 1372
26 63 1331
27 64 1352
28 64 1344
29 63 1313
30 63 1288
7 60 1361
8 62 1445
9 63 1556
10 64 1577
11 66 1543
12 64 1582
13 65 1626
14 66 1574
15 66 1573
16 68 1645
17 64 1526
18 67 1532
19 66 1512
20 66 1530
21 62 1383
22 62 1429
23 63 1441
24 63 1394
25 64 1409
26 61 1314
27 61 1310
28 61 1282
29 60 1221
30 60 1211
7 63 1332
8 64 1553
9 65 1583
10 62 1528
11 66 1656
12 64 1595
13 61 1557
14 61 1541
15 61 1527
16 64 1593
17 65 1582
18 65 1608
19 65 1585
20 64 1510
21 65 1481
22 64 1412
23 65 1425
24 64 1396
25 64 1388
26 63 1362
27 63 1356
28 63 1340
29 63 1336
30 63 1342
7 61 1381
8 61 1412
9 63 1504
10 62 1578
11 63 1508
12 62 1509
13 62 1593
14 64 1560
15 65 1566
16 64 1547
17 65 1513
18 63 1573
19 65 1582
20 65 1506
21 64 1474
22 66 1530
23 65 1486
24 65 1420
25 64 1370
26 64 1398
27 62 1284
28 62 1278
29 63 1279
30 66 1341
7 64 1485
8 62 1431
9 65 1510
10 63 1559
11 62 1531
12 63 1553
13 61 1514
14 60 1454
15 63 1521
16 63 1566
17 62 1507
18 64 1535
19 62 1451
20 64 1484
21 64 1469
22 65 1461
23 65 1435
24 65 1481
25 64 1415
26 63 1352
27 63 1322
28 63 1324
29 63 1328
30 63 1308
7 63 1394
8 62 1551
9 62 1474
10 65 1623
11 60 1452
12 63 1536
13 63 1558
14 61 1478
15 64 1536
16 62 1557
17 65 1553
18 68 1625
19 62 1501
20 65 1529
21 65 1461
22 64 1433
23 64 1413
24 64 1407
25 63 1374
26 60 1319
27 60 1284
28 59 1276
29 61 1286
30 58 1216
7 66 1472
8 59 1362
9 65 1628
10 65 1589
11 62 1505
12 62 1523
13 61 1460
14 63 1570
15 62 1533
16 63 1557
17 67 1599
18 65 1529
19 64 1525
20 66 1577
21 63 1394
22 62 1388
23 60 1299
24 62 1327
25 64 1380
26 62 1315
27 62 1321
28 62 1313
29 62 1242
30 62 1232
7 62 1270
8 64 1433
9 68 1652
10 61 1490
11 61 1430
12 62 1420
13 60 1428
14 59 1404
15 61 1471
16 60 1437
17 61 1476
18 66 1549
19 67 1562
20 64 1517
21 64 1507
22 66 1526
23 65 1467
24 65 1449
25 64 1393
26 62 1307
27 61 1261
28 61 1267
29 61 1257
30 61 1229
7 60 1298
8 62 1402
9 66 1567
10 65 1657
11 65 1625
12 62 1548
13 67 1629
14 64 1626
15 65 1554
16 68 1623
17 67 1568
18 66 1533
19 66 1575
20 66 1536
21 67 1525
22 65 1456
23 65 1472
24 65 1406
25 66 1404
26 66 1426
27 63 1357
28 63 1318
29 63 1325
30 63 1285
7 62 1381
8 60 1303
9 64 1667
10 64 1586
11 65 1606
12 60 1442
13 63 1559
14 63 1562
15 65 1557
16 65 1577
17 66 1607
18 66 1575
19 66 1525
20 66 1475
21 65 1425
22 66 1470
23 65 1422
24 62 1337
25 62 1343
26 62 1313
27 62 1299
28 61 1275
29 62 1265
30 62 1277
7 61 1258
8 61 1386
9 61 1407
10 63 1547
11 63 1572
12 59 1464
13 62 1576
14 63 1538
15 65 1671
16 62 1550
17 64 1558
18 65 1618
19 64 1502
20 64 1498
21 63 1490
22 65 1475
23 66 1499
24 64 1427
25 66 1455
26 68 1450
27 67 1426
28 66 1357
29 66 1355
30 62 1264
7 59 1325
8 57 1224
9 63 1507
10 64 1598
11 57 1442
12 59 1395
13 57 1390
14 60 1435
15 61 1430
16 61 1452
17 62 1462
18 64 1497
19 63 1460
20 63 1404
21 67 1537
22 66 1525
23 63 1465
24 65 1450
25 68 1474
26 66 1402
27 66 1366
28 66 1378
29 64 1304
30 64 1310
7 60 1326
8 61 1474
9 62 1456
10 60 1454
11 63 1520
12 65 1584
13 64 1556
14 63 1474
15 65 1583
16 64 1570
17 63 1512
18 65 1578
19 66 1574
20 67 1554
21 68 1586
22 68 1593
23 67 1518
24 67 1507
25 63 1369
26 64 1384
27 61 1295
28 61 1275
29 63 1264
30 60 1243
7 60 1289
8 60 1317
9 64 1544
10 62 1471
11 62 1524
12 64 1567
13 61 1501
14 60 1514
15 62 1522
16 61 1478
17 66 1555
18 63 1577
19 64 1516
20 67 1539
21 67 1573
22 65 1458
23 66 1455
24 65 1427
25 63 1379
26 62 1346
27 62 1352
28 62 1332
29 60 1283
30 61 1259
7 61 1281
8 62 1412
9 64 1517
10 64 1460
11 65 1560
12 66 1648
13 64 1572
14 67 1699
15 64 1566
16 64 1576
17 66 1571
18 64 1467
19 65 1525
20 65 1513
21 66 1485
22 65 1445
23 64 1425
24 64 1387
25 64 1375
26 64 1389
27 64 1349
28 63 1336
29 63 1258
30 63 1264
7 62 1318
8 62 1348
9 64 1530
10 65 1558
11 63 1581
12 62 1484
13 61 1460
14 65 1568
15 66 1581
16 62 1467
17 64 1565
18 64 1501
19 67 1522
20 66 1509
21 66 1478
22 65 1490
23 66 1465
24 66 1471
25 63 1365
26 64 1366
27 64 1350
28 64 1358
29 64 1334
30 64 1320
7 64 1451
8 65 1611
9 65 1610
10 63 1545
11 61 1601
12 60 1449
13 59 1455
14 58 1492
15 62 1515
16 60 1484
17 62 1421
18 63 1473
19 62 1466
20 65 1519
21 63 1452
22 64 1465
23 64 1411
24 64 1367
25 64 1353
26 64 1371
27 64 1339
28 64 1314
29 62 1244
30 61 1231
7 60 1218
8 62 1403
9 60 1396
10 65 1548
11 64 1525
12 63 1574
13 59 1520
14 64 1617
15 64 1640
16 65 1610
17 66 1591
18 66 1581
19 66 1581
20 66 1575
21 66 1543
22 65 1470
23 65 1468
24 63 1371
25 65 1438
26 63 1343
27 63 1313
28 63 1313
29 58 1245
30 58 1217
7 61 1334
8 63 1428
9 65 1558
10 64 1538
11 63 1528
12 63 1596
13 64 1584
14 63 1503
15 64 1550
16 61 1495
17 62 1454
18 62 1470
19 64 1474
20 64 1468
21 68 1534
22 66 1438
23 63 1399
24 64 1404
25 63 1343
26 62 1318
27 61 1277
28 62 1278
29 62 1262
30 60 1197
7 61 1387
8 58 1275
9 63 1493
10 58 1428
11 61 1528
12 58 1432
13 65 1576
14 62 1531
15 65 1578
16 63 1589
17 65 1610
18 64 1597
19 66 1619
20 65 1566
21 67 1584
22 66 1504
23 64 1511
24 63 1406
25 63 1398
26 63 1374
27 63 1360
28 63 1326
29 63 1359
30 61 1286
7 62 1441
8 61 1414
9 60 1464
10 61 1624
11 60 1461
12 57 1502
13 60 1504
14 60 1557
15 62 1574
16 62 1583
17 63 1598
18 60 1508
19 59 1450
20 62 1471
21 61 1461
22 61 1397
23 64 1449
24 64 1415
25 64 1401
26 64 1373
27 64 1334
28 65 1386
29 65 1348
30 65 1330
7 63 1424
8 60 1289
9 65 1609
10 58 1539
11 61 1549
12 60 1601
13 59 1571
14 62 1565
15 65 1556
16 63 1580
17 64 1565
18 67 1597
19 67 1535
20 67 1550
21 68 1555
22 67 1543
23 62 1362
24 61 1318
25 61 1314
26 61 1274
27 61 1286
28 60 1247
29 60 1202
30 59 1161
7 59 1172
8 60 1358
9 64 1485
10 64 1471
11 62 1461
12 64 1487
13 63 1517
14 66 1588
15 63 1519
16 65 1548
17 66 1559
18 63 1458
19 66 1511
20 65 1489
21 63 1373
22 63 1379
23 61 1307
24 60 1282
25 61 1289
26 60 1257
27 60 1228
28 61 1236
29 61 1236
30 61 1228
7 64 1374
8 61 1378
9 63 1485
10 60 1483
11 61 1433
12 62 1524
13 62 1620
14 60 1511
15 64 1588
16 62 1456
17 64 1551
18 65 1584
19 66 1579
20 63 1547
21 63 1440
22 63 1460
23 64 1495
24 64 1516
25 64 1440
26 64 1400
27 63 1339
28 63 1333
29 60 1224
30 57 1180
7 63 1377
8 60 1288
9 67 1530
10 67 1576
11 64 1576
12 64 1555
13 66 1598
14 66 1644
15 64 1569
16 66 1646
17 66 1610
18 66 1576
19 64 1505
20 65 1471
21 64 1421
22 65 1440
23 67 1529
24 67 1469
25 66 1404
26 66 1396
27 67 1399
28 67 1363
29 65 1305
30 64 1295
7 60 1312
8 63 1414
9 65 1624
10 62 1538
11 59 1410
12 59 1465
13 62 1481
14 60 1484
15 61 1481
16 60 1472
17 63 1505
18 64 1588
19 64 1558
20 65 1566
21 65 1567
22 65 1555
23 64 1461
24 64 1422
25 64 1450
26 65 1422
27 65 1384
28 65 1372
29 64 1336
30 64 1318
7 58 1173
8 65 1457
9 66 1547
10 63 1406
11 64 1536
12 61 1444
13 62 1488
14 61 1519
15 66 1610
16 65 1637
17 64 1591
18 63 1593
19 64 1600
20 65 1535
21 62 1445
22 66 1549
23 67 1554
24 66 1525
25 65 1428
26 64 1375
27 64 1385
28 64 1373
29 63 1338
30 63 1322
7 59 1332
8 60 1350
9 66 1611
10 65 1578
11 64 1608
12 62 1501
13 57 1403
14 60 1463
15 63 1545
16 66 1608
17 65 1551
18 63 1476
19 65 1518
20 66 1547
21 66 1546
22 64 1441
23 64 1447
24 64 1423
25 62 1347
26 61 1311
27 60 1277
28 61 1283
29 60 1248
30 60 1258
7 60 1367
8 61 1394
9 65 1515
10 63 1527
11 64 1543
12 60 1509
13 60 1450
14 64 1506
15 64 1525
16 62 1531
17 64 1532
18 63 1475
19 63 1467
20 66 1490
21 67 1501
22 67 1497
23 67 1429
24 66 1405
25 65 1381
26 65 1355
27 65 1345
28 63 1320
29 62 1273
30 63 1300
7 63 1375
8 63 1481
9 63 1570
10 63 1593
11 58 1390
12 64 1541
13 62 1569
14 63 1552
15 64 1539
16 64 1587
17 65 1543
18 65 1535
19 67 1561
20 63 1482
21 64 1469
22 64 1396
23 61 1346
24 61 1336
25 60 1301
26 60 1293
27 60 1276
28 60 1274
29 61 1267
30 61 1267
7 62 1442
8 61 1404
9 64 1574
10 61 1438
11 64 1535
12 62 1548
13 64 1537
14 62 1555
15 64 1587
16 65 1596
17 62 1484
18 64 1540
19 63 1526
20 64 1536
21 64 1478
22 64 1480
23 63 1461
24 63 1427
25 63 1411
26 65 1400
27 63 1355
28 64 1368
29 64 1364
30 64 1354
7 61 1405
8 61 1345
9 62 1479
10 62 1480
11 57 1424
12 60 1566
13 56 1425
14 58 1479
15 61 1493
16 65 1570
17 64 1523
18 64 1476
19 65 1537
20 66 1524
21 65 1501
22 65 1447
23 64 1392
24 63 1371
25 63 1401
26 64 1384
27 63 1325
28 62 1297
29 62 1283
30 61 1252
7 59 1302
8 63 1448
9 61 1506
10 61 1617
11 63 1605
12 62 1543
13 64 1600
14 65 1575
15 63 1534
16 62 1495
17 63 1522
18 65 1557
19 65 1574
20 67 1545
21 66 1570
22 65 1469
23 66 1552
24 64 1406
25 65 1404
26 65 1472
27 66 1426
28 62 1304
29 63 1329
30 60 1254
7 64 1504
8 63 1457
9 65 1570
10 67 1667
11 63 1558
12 64 1641
13 63 1554
14 64 1576
15 65 1607
16 64 1522
17 68 1636
18 67 1562
19 68 1598
20 67 1624
21 66 1530
22 66 1503
23 66 1525
24 66 1475
25 65 1399
26 65 1379
27 65 1357
28 66 1407
29 63 1290
30 62 1271
7 59 1261
8 61 1433
9 61 1471
10 59 1424
11 58 1402
12 55 1313
13 53 1310
14 58 1407
15 61 1498
16 63 1526
17 62 1482
18 66 1574
19 61 1402
20 61 1429
21 65 1485
22 65 1489
23 65 1443
24 63 1363
25 62 1318
26 64 1365
27 62 1272
28 61 1251
29 61 1240
30 60 1199
7 58 1266
8 59 1390
9 62 1474
10 59 1413
11 63 1611
12 57 1481
13 61 1542
14 59 1515
15 64 1581
16 59 1495
17 63 1553
18 64 1553
19 65 1596
20 65 1524
21 67 1528
22 67 1593
23 65 1501
24 67 1516
25 66 1469
26 62 1309
27 62 1292
28 62 1270
29 60 1213
30 59 1217
7 61 1259
8 62 1337
9 64 1534
10 64 1460
11 66 1610
12 66 1542
13 66 1575
14 65 1597
15 65 1498
16 65 1522
17 65 1540
18 63 1478
19 66 1530
20 67 1533
21 66 1507
22 64 1451
23 68 1496
24 67 1421
25 65 1384
26 62 1318
27 62 1322
28 60 1238
29 59 1176
30 59 1176
7 60 1372
8 61 1492
9 61 1489
10 62 1540
11 64 1616
12 60 1412
13 60 1475
14 62 1524
15 62 1519
16 61 1518
17 64 1579
18 64 1567
19 64 1505
20 67 1610
21 66 1553
22 66 1520
23 65 1522
24 67 1529
25 62 1297
26 62 1291
27 62 1277
28 62 1259
29 62 1236
30 61 1192
7 63 1359
8 62 1467
9 61 1526
10 66 1706
11 58 1509
12 59 1519
13 58 1528
14 60 1520
15 60 1513
16 66 1566
17 65 1564
18 63 1505
19 65 1515
20 67 1511
21 67 1461
22 65 1505
23 65 1424
24 67 1477
25 65 1394
26 65 1372
27 64 1342
28 64 1338
29 58 1212
30 60 1225
7 59 1205
8 59 1271
9 62 1489
10 60 1569
11 63 1576
12 62 1545
13 62 1626
14 65 1567
15 66 1637
16 65 1596
17 65 1556
18 64 1535
19 65 1546
20 64 1491
21 65 1491
22 66 1497
23 64 1406
24 63 1347
25 64 1392
26 64 1349
27 64 1352
28 64 1347
29 64 1296
30 64 1288
7 61 1228
8 61 1387
9 62 1433
10 62 1509
11 63 1530
12 64 1616
13 63 1512
14 65 1547
15 64 1524
16 62 1494
17 66 1603
18 65 1488
19 65 1532
20 66 1529
21 66 1505
22 65 1433
23 66 1433
24 65 1429
25 63 1322
26 63 1310
27 62 1283
28 62 1277
29 59 1214
30 61 1246
7 60 1249
8 61 1321
9 65 1550
10 65 1553
11 62 1591
12 61 1562
13 65 1561
14 63 1579
15 64 1580
16 67 1648
17 64 1557
18 65 1504
19 64 1527
20 65 1508
21 66 1514
22 66 1470
23 66 1458
24 67 1460
25 65 1424
26 66 1425
27 65 1341
28 65 1317
29 64 1313
30 65 1348
7 62 1341
8 63 1505
9 63 1457
10 63 1587
11 64 1588
12 65 1622
13 64 1526
14 62 1528
15 63 1571
16 64 1602
17 64 1504
18 64 1535
19 65 1531
20 65 1541
21 65 1544
22 64 1444
23 64 1497
24 62 1350
25 62 1332
26 62 1313
27 62 1295
28 62 1295
29 62 1253
30 60 1223
7 60 1184
8 61 1335
9 62 1483
10 63 1446
11 65 1570
12 65 1619
13 64 1599
14 64 1554
15 65 1561
16 68 1645
17 65 1572
18 65 1556
19 67 1553
20 68 1559
21 67 1475
22 62 1348
23 63 1315
24 63 1318
25 63 1320
26 63 1264
27 63 1256
28 63 1290
29 63 1254
30 63 1245
7 58 1278
8 64 1439
9 63 1523
10 63 1478
11 61 1518
12 60 1449
13 59 1440
14 62 1479
15 64 1552
16 64 1590
17 63 1541
18 64 1509
19 64 1581
20 66 1624
21 65 1582
22 65 1548
23 64 1453
24 65 1452
25 63 1410
26 61 1353
27 63 1319
28 62 1299
29 64 1352
30 62 1274
7 63 1342
8 62 1427
9 62 1483
10 64 1578
11 62 1490
12 62 1546
13 65 1521
14 66 1596
15 67 1619
16 67 1626
17 65 1564
18 67 1572
19 68 1563
20 68 1555
21 67 1544
22 68 1547
23 66 1523
24 64 1422
25 65 1430
26 67 1443
27 66 1431
28 66 1393
29 67 1405
30 62 1246
7 58 1257
8 57 1236
9 62 1402
10 66 1520
11 65 1545
12 66 1606
13 65 1597
14 65 1595
15 65 1552
16 61 1456
17 64 1505
18 66 1523
19 66 1529
20 67 1575
21 68 1530
22 66 1479
23 66 1447
24 66 1463
25 68 1490
26 68 1480
27 67 1477
28 63 1270
29 65 1317
30 64 1269
7 61 1372
8 60 1415
9 61 1434
10 61 1520
11 59 1461
12 64 1623
13 58 1460
14 62 1517
15 62 1556
16 61 1527
17 64 1544
18 64 1515
19 64 1538
20 66 1534
21 65 1482
22 63 1458
23 62 1409
24 61 1360
25 62 1387
26 62 1381
27 62 1351
28 62 1305
29 61 1300
30 61 1284
7 62 1297
8 62 1439
9 62 1483
10 63 1577
11 61 1466
12 62 1533
13 61 1446
14 63 1528
15 63 1508
16 65 1530
17 63 1482
18 65 1490
19 66 1517
20 64 1432
21 64 1460
22 64 1436
23 64 1402
24 63 1317
25 63 1355
26 63 1321
27 62 1296
28 61 1256
29 61 1247
30 61 1247
7 61 1325
8 61 1357
9 64 1529
10 62 1505
11 64 1640
12 63 1531
13 62 1532
14 64 1606
15 62 1575
16 60 1482
17 65 1572
18 63 1463
19 62 1424
20 62 1428
21 67 1503
22 66 1440
23 64 1403
24 63 1336
25 63 1354
26 62 1323
27 62 1313
28 62 1303
29 61 1262
30 61 1242
7 58 1271
8 56 1239
9 64 1625
10 63 1635
11 58 1399
12 59 1410
13 62 1503
14 60 1521
15 62 1511
16 62 1506
17 66 1541
18 63 1502
19 65 1506
20 67 1524
21 66 1493
22 65 1434
23 64 1417
24 64 1407
25 65 1426
26 64 1415
27 64 1367
28 65 1396
29 63 1305
30 64 1293
7 63 1364
8 63 1381
9 65 1574
10 59 1514
11 62 1528
12 61 1498
13 60 1451
14 60 1447
15 62 1477
16 63 1524
17 63 1484
18 61 1465
19 64 1493
20 65 1549
21 65 1516
22 67 1528
23 66 1508
24 65 1469
25 65 1470
26 62 1379
27 61 1328
28 62 1325
29 62 1335
30 61 1261
7 60 1333
8 64 1525
9 61 1457
10 64 1581
11 59 1432
12 59 1443
13 58 1518
14 57 1431
15 58 1406
16 60 1557
17 58 1473
18 60 1482
19 61 1488
20 65 1553
21 66 1534
22 65 1523
23 65 1510
24 66 1478
25 65 1475
26 65 1471
27 64 1379
28 64 1369
29 66 1387
30 66 1361
7 59 1200
8 63 1318
9 63 1481
10 64 1550
11 60 1409
12 61 1485
13 63 1530
14 62 1571
15 62 1514
16 64 1550
17 62 1519
18 66 1549
19 65 1519
20 66 1527
21 66 1521
22 66 1513
23 64 1423
24 63 1371
25 60 1240
26 59 1219
27 58 1178
28 59 1183
29 59 1149
30 59 1164
7 64 1345
8 62 1424
9 62 1483
10 65 1589
11 61 1515
12 63 1597
13 64 1536
14 65 1591
15 62 1512
16 61 1541
17 64 1489
18 65 1496
19 66 1522
20 67 1506
21 66 1498
22 66 1493
23 61 1351
24 61 1297
25 60 1252
26 64 1378
27 64 1366
28 62 1281
29 64 1349
30 64 1315
7 62 1296
8 61 1365
9 65 1612
10 60 1485
11 66 1601
12 62 1629
13 62 1591
14 64 1583
15 64 1594
16 65 1589
17 66 1645
18 65 1530
19 65 1531
20 66 1537
21 65 1450
22 65 1437
23 64 1383
24 64 1365
25 64 1371
26 64 1367
27 63 1304
28 64 1329
29 64 1295
30 63 1276
7 59 1216
8 63 1500
9 64 1554
10 63 1485
11 61 1512
12 62 1513
13 65 1501
14 65 1591
15 66 1583
16 67 1578
17 63 1485
18 67 1533
19 65 1485
20 65 1441
21 67 1507
22 67 1509
23 65 1439
24 64 1412
25 65 1389
26 65 1417
27 64 1348
28 63 1306
29 63 1312
30 63 1308
7 62 1336
8 63 1402
9 64 1540
10 61 1429
11 61 1504
12 62 1523
13 63 1545
14 64 1572
15 65 1600
16 65 1557
17 64 1512
18 65 1548
19 65 1514
20 66 1490
21 65 1486
22 65 1454
23 65 1417
24 65 1435
25 64 1378
26 64 1360
27 64 1338
28 64 1316
29 63 1291
30 60 1196
7 60 1221
8 61 1367
9 60 1483
10 62 1467
11 57 1513
12 56 1438
13 60 1436
14 57 1466
15 62 1547
16 62 1584
17 59 1497
18 58 1435
19 65 1526
20 62 1499
21 64 1430
22 64 1402
23 65 1450
24 64 1413
25 63 1346
26 63 1384
27 61 1298
28 61 1300
29 59 1264
30 59 1204
7 61 1272
8 62 1423
9 62 1608
10 65 1591
11 63 1509
12 63 1522
13 63 1532
14 65 1601
15 62 1472
16 63 1575
17 63 1521
18 64 1585
19 65 1516
20 65 1522
21 65 1492
22 66 1497
23 67 1496
24 66 1449
25 63 1423
26 63 1403
27 63 1375
28 61 1309
29 64 1339
30 63 1286
7 62 1334
8 57 1244
9 62 1463
10 60 1430
11 60 1499
12 60 1439
13 60 1489
14 64 1571
15 63 1492
16 64 1534
17 63 1491
18 65 1522
19 65 1506
20 67 1568
21 66 1513
22 66 1483
23 66 1449
24 65 1423
25 65 1419
26 64 1392
27 64 1380
28 62 1278
29 63 1287
30 63 1288
7 61 1269
8 60 1222
9 63 1611
10 66 1526
11 62 1513
12 63 1467
13 62 1566
14 65 1559
15 61 1447
16 63 1566
17 64 1528
18 65 1489
19 68 1571
20 68 1579
21 66 1492
22 65 1446
23 65 1442
24 65 1400
25 63 1347
26 62 1318
27 61 1269
28 60 1264
29 61 1262
30 60 1215
7 64 1395
8 64 1580
9 67 1631
10 63 1555
11 61 1504
12 61 1506
13 61 1412
14 64 1613
15 65 1594
16 67 1654
17 66 1587
18 66 1585
19 64 1547
20 66 1554
21 66 1460
22 66 1491
23 66 1459
24 66 1408
25 66 1385
26 65 1389
27 65 1356
28 64 1316
29 62 1280
30 62 1286
7 60 1265
8 60 1317
9 60 1445
10 60 1463
11 63 1576
12 62 1522
13 62 1547
14 61 1483
15 62 1441
16 62 1532
17 65 1535
18 66 1539
19 65 1512
20 66 1543
21 65 1485
22 65 1459
23 66 1506
24 64 1410
25 66 1470
26 66 1424
27 60 1268
28 60 1238
29 60 1240
30 63 1312
7 62 1250
8 60 1396
9 60 1431
10 61 1468
11 60 1434
12 60 1530
13 56 1329
14 60 1474
15 60 1462
16 60 1533
17 60 1502
18 63 1534
19 63 1453
20 64 1491
21 64 1479
22 64 1465
23 63 1402
24 64 1400
25 64 1382
26 65 1401
27 64 1332
28 63 1317
29 62 1268
30 60 1234
7 61 1324
8 66 1605
9 63 1478
10 64 1577
11 62 1446
12 63 1575
13 65 1551
14 64 1596
15 65 1567
16 62 1545
17 65 1537
18 67 1603
19 65 1544
20 68 1609
21 65 1513
22 66 1467
23 67 1492
24 64 1426
25 65 1427
26 63 1365
27 64 1355
28 64 1355
29 62 1325
30 60 1251
7 61 1442
8 59 1410
9 62 1496
10 61 1526
11 63 1532
12 61 1601
13 62 1528
14 62 1499
15 62 1557
16 59 1538
17 61 1505
18 66 1587
19 69 1622
20 67 1578
21 67 1553
22 67 1537
23 68 1525
24 67 1457
25 64 1394
26 63 1358
27 63 1292
28 61 1289
29 62 1267
30 62 1245
7 59 1246
8 60 1363
9 64 1501
10 63 1528
11 61 1499
12 63 1589
13 63 1556
14 63 1586
15 65 1564
16 63 1571
17 65 1533
18 63 1451
19 64 1489
20 64 1455
21 64 1411
22 64 1390
23 64 1444
24 64 1412
25 65 1421
26 65 1380
27 66 1417
28 62 1287
29 63 1303
30 62 1262
7 63 1345
8 61 1393
9 64 1523
10 65 1572
11 58 1490
12 61 1555
13 66 1596
14 65 1609
15 63 1489
16 63 1518
17 61 1445
18 66 1565
19 62 1463
20 68 1526
21 64 1490
22 65 1454
23 64 1412
24 64 1384
25 64 1383
26 65 1399
27 65 1419
28 65 1387
29 61 1233
30 61 1225
7 59 1279
8 62 1413
9 64 1549
10 62 1542
11 62 1503
12 63 1577
13 59 1464
14 60 1509
15 64 1561
16 65 1562
17 68 1615
18 68 1635
19 66 1531
20 68 1585
21 64 1441
22 66 1506
23 64 1434
24 63 1369
25 63 1349
26 63 1341
27 62 1297
28 62 1307
29 59 1258
30 60 1248
7 64 1351
8 63 1400
9 62 1451
10 60 1566
11 63 1532
12 62 1535
13 63 1538
14 65 1568
15 62 1520
16 63 1551
17 66 1627
18 65 1556
19 66 1540
20 65 1461
21 66 1509
22 65 1461
23 63 1380
24 61 1299
25 60 1300
26 59 1251
27 59 1251
28 59 1217
29 59 1185
30 58 1168
7 62 1383
8 60 1525
9 64 1518
10 62 1494
11 62 1448
12 61 1507
13 60 1440
14 63 1573
15 65 1563
16 61 1465
17 67 1616
18 64 1560
19 68 1592
20 65 1529
21 68 1529
22 67 1508
23 65 1459
24 66 1449
25 65 1431
26 65 1407
27 65 1368
28 65 1334
29 64 1305
30 61 1278
7 59 1252
8 62 1394
9 61 1385
10 63 1492
11 62 1471
12 62 1463
13 62 1523
14 62 1461
15 63 1486
16 62 1496
17 63 1461
18 65 1550
19 63 1458
20 67 1511
21 67 1503
22 65 1445
23 65 1431
24 66 1414
25 64 1335
26 65 1339
27 65 1317
28 65 1315
29 64 1294
30 62 1245
7 62 1385
8 63 1464
9 66 1610
10 63 1552
11 63 1513
12 59 1478
13 61 1526
14 62 1532
15 62 1494
16 61 1462
17 63 1485
18 66 1496
19 64 1480
20 61 1412
21 66 1477
22 65 1486
23 66 1438
24 65 1370
25 65 1350
26 65 1342
27 62 1277
28 62 1300
29 61 1236
30 61 1218
7 63 1380
8 64 1537
9 67 1497
10 60 1515
11 63 1505
12 61 1557
13 62 1612
14 63 1581
15 62 1497
16 65 1635
17 65 1544
18 65 1557
19 66 1561
20 65 1522
21 66 1536
22 64 1488
23 66 1463
24 64 1417
25 64 1425
26 63 1361
27 63 1354
28 63 1334
29 63 1336
30 63 1346
7 63 1395
8 60 1333
9 60 1355
10 65 1587
11 66 1637
12 64 1606
13 63 1588
14 66 1619
15 59 1545
16 64 1604
17 66 1662
18 66 1600
19 66 1551
20 67 1568
21 67 1525
22 67 1534
23 65 1471
24 64 1395
25 66 1439
26 63 1344
27 62 1315
28 65 1372
29 62 1271
30 62 1255
7 62 1343
8 63 1427
9 65 1580
10 63 1612
11 61 1539
12 60 1554
13 57 1455
14 58 1473
15 60 1534
16 62 1591
17 64 1635
18 61 1560
19 61 1489
20 66 1645
21 64 1523
22 66 1541
23 66 1513
24 66 1473
25 65 1404
26 67 1444
27 65 1385
28 65 1385
29 65 1387
30 63 1298
7 60 1309
8 63 1439
9 67 1595
10 64 1623
11 63 1463
12 62 1551
13 61 1512
14 59 1459
15 65 1556
16 65 1575
17 66 1631
18 66 1630
19 66 1538
20 66 1492
21 65 1448
22 65 1440
23 62 1358
24 62 1366
25 62 1317
26 62 1303
27 59 1204
28 59 1180
29 59 1178
30 58 1153
7 59 1301
8 65 1498
9 61 1374
10 65 1563
11 62 1502
12 61 1546
13 63 1516
14 62 1555
15 65 1565
16 64 1581
17 66 1605
18 63 1551
19 64 1521
20 65 1559
21 64 1510
22 63 1408
23 63 1376
24 64 1397
25 63 1344
26 64 1343
27 64 1347
28 62 1321
29 64 1341
30 65 1366
7 59 1291
8 62 1321
9 64 1624
10 63 1594
11 64 1554
12 63 1530
13 63 1516
14 63 1532
15 65 1526
16 67 1612
17 65 1564
18 66 1531
19 67 1531
20 64 1454
21 65 1471
22 62 1340
23 64 1399
24 63 1395
25 64 1416
26 64 1384
27 64 1364
28 63 1317
29 65 1340
30 64 1310
7 60 1321
8 61 1280
9 63 1473
10 62 1552
11 62 1546
12 63 1551
13 61 1466
14 60 1546
15 61 1485
16 63 1582
17 63 1549
18 64 1526
19 64 1533
20 66 1541
21 68 1579
22 64 1453
23 64 1441
24 64 1419
25 64 1363
26 64 1357
27 63 1292
28 63 1288
29 63 1286
30 63 1248
7 62 1324
8 60 1333
9 62 1466
10 63 1449
11 61 1540
12 61 1468
13 62 1531
14 64 1587
15 64 1659
16 63 1568
17 64 1588
18 66 1584
19 64 1481
20 66 1519
21 66 1524
22 65 1425
23 65 1419
24 64 1360
25 64 1392
26 64 1366
27 64 1372
28 62 1281
29 63 1303
30 63 1301
7 62 1371
8 63 1518
9 62 1447
10 61 1511
11 63 1501
12 57 1449
13 60 1528
14 65 1599
15 63 1544
16 63 1591
17 64 1555
18 65 1575
19 63 1519
20 66 1533
21 66 1535
22 66 1485
23 65 1431
24 65 1395
25 65 1369
26 65 1404
27 66 1408
28 65 1368
29 66 1360
30 64 1358
7 57 1255
8 62 1427
9 64 1497
10 66 1645
11 63 1502
12 60 1398
13 66 1584
14 66 1612
15 66 1614
16 66 1597
17 67 1556
18 65 1559
19 65 1497
20 67 1539
21 66 1477
22 66 1481
23 67 1475
24 63 1362
25 64 1330
26 63 1284
27 64 1282
28 64 1280
29 64 1274
30 64 1264
7 63 1355
8 62 1467
9 65 1460
10 66 1591
11 63 1534
12 63 1514
13 65 1634
14 64 1567
15 65 1601
16 66 1531
17 65 1559
18 66 1551
19 63 1485
20 62 1432
21 64 1477
22 64 1412
23 64 1421
24 63 1382
25 63 1382
26 63 1348
27 63 1324
28 63 1357
29 63 1298
30 63 1297
7 59 1212
8 61 1396
9 66 1549
10 64 1508
11 63 1533
12 63 1570
13 60 1443
14 62 1506
15 60 1491
16 62 1497
17 63 1517
18 66 1516
19 65 1480
20 63 1460
21 65 1471
22 65 1492
23 65 1445
24 66 1474
25 65 1428
26 63 1337
27 63 1341
28 63 1331
29 62 1260
30 63 1269
7 59 1268
8 60 1367
9 63 1587
10 63 1486
11 62 1572
12 60 1434
13 63 1617
14 63 1582
15 64 1604
16 65 1617
17 63 1567
18 68 1608
19 68 1576
20 68 1612
21 66 1516
22 67 1524
23 66 1470
24 68 1493
25 69 1477
26 68 1453
27 64 1362
28 65 1372
29 64 1327
30 64 1307
7 57 1139
8 61 1420
9 62 1514
10 65 1593
11 64 1556
12 64 1594
13 64 1618
14 63 1570
15 66 1611
16 61 1507
17 61 1457
18 60 1436
19 62 1476
20 65 1487
21 65 1421
22 67 1450
23 66 1440
24 66 1430
25 66 1418
26 67 1444
27 65 1454
28 66 1428
29 66 1421
30 63 1333
7 61 1288
8 61 1449
9 62 1513
10 61 1559
11 62 1583
12 65 1683
13 62 1563
14 59 1420
15 62 1527
16 61 1530
17 59 1529
18 63 1512
19 63 1495
20 62 1469
21 62 1423
22 63 1436
23 65 1529
24 63 1449
25 62 1350
26 63 1295
27 64 1333
28 64 1339
29 61 1235
30 60 1186
7 63 1313
8 63 1421
9 65 1544
10 63 1490
11 64 1551
12 58 1414
13 62 1510
14 60 1451
15 62 1450
16 61 1467
17 64 1505
18 61 1408
19 63 1506
20 66 1517
21 64 1444
22 64 1428
23 64 1398
24 64 1410
25 64 1386
26 64 1390
27 64 1382
28 64 1380
29 63 1313
30 63 1274
7 61 1252
8 61 1285
9 61 1424
10 59 1390
11 64 1549
12 61 1520
13 64 1551
14 64 1551
15 64 1553
16 65 1518
17 65 1517
18 64 1540
19 67 1553
20 66 1544
21 65 1455
22 65 1449
23 64 1402
24 64 1406
25 64 1372
26 63 1333
27 64 1325
28 64 1326
29 63 1275
30 63 1258
7 62 1355
8 60 1389
9 64 1525
10 63 1584
11 58 1383
12 56 1362
13 58 1474
14 58 1464
15 62 1465
16 60 1508
17 58 1349
18 61 1447
19 64 1486
20 65 1513
21 66 1526
22 66 1482
23 63 1395
24 63 1385
25 62 1314
26 63 1349
27 62 1302
28 62 1324
29 60 1222
30 60 1224
7 57 1249
8 62 1438
9 59 1475
10 62 1584
11 56 1486
12 61 1600
13 59 1541
14 57 1532
15 57 1393
16 64 1547
17 63 1496
18 64 1510
19 64 1520
20 63 1453
21 65 1516
22 64 1486
23 66 1521
24 66 1466
25 65 1421
26 62 1336
27 61 1285
28 61 1285
29 61 1275
30 62 1283
7 63 1371
8 60 1261
9 65 1630
10 62 1509
11 61 1505
12 58 1497
13 59 1486
14 59 1483
15 63 1552
16 63 1534
17 65 1547
18 65 1551
19 64 1504
20 65 1508
21 64 1468
22 63 1414
23 63 1420
24 64 1433
25 58 1287
26 57 1230
27 57 1226
28 56 1195
29 56 1183
30 57 1147
7 61 1281
8 58 1260
9 61 1357
10 63 1534
11 61 1516
12 58 1440
13 61 1437
14 60 1388
15 58 1342
16 58 1375
17 66 1524
18 63 1441
19 66 1464
20 66 1469
21 64 1393
22 63 1408
23 61 1344
24 61 1322
25 61 1294
26 59 1264
27 59 1252
28 59 1230
29 58 1203
30 58 1207
7 60 1325
8 60 1325
9 66 1690
10 65 1571
11 61 1505
12 60 1499
13 61 1449
14 62 1487
15 63 1513
16 64 1534
17 65 1528
18 66 1623
19 66 1531
20 64 1467
21 64 1518
22 64 1455
23 61 1353
24 59 1252
25 59 1246
26 58 1189
27 59 1202
28 60 1253
29 58 1172
30 58 1170
7 62 1368
8 62 1366
9 63 1499
10 63 1545
11 63 1578
12 64 1592
13 62 1497
14 65 1630
15 67 1629
16 62 1519
17 67 1673
18 68 1609
19 66 1562
20 67 1531
21 67 1513
22 65 1440
23 66 1510
24 66 1514
25 62 1353
26 63 1337
27 63 1333
28 62 1303
29 63 1297
30 63 1287
7 62 1351
8 60 1276
9 63 1541
10 64 1574
11 64 1508
12 64 1580
13 63 1559
14 63 1529
15 65 1601
16 66 1592
17 65 1518
18 64 1530
19 67 1629
20 66 1596
21 66 1471
22 65 1451
23 65 1432
24 63 1416
25 63 1385
26 63 1335
27 65 1422
28 65 1424
29 65 1394
30 63 1316
7 62 1323
8 60 1309
9 65 1520
10 64 1493
11 63 1475
12 63 1516
13 63 1515
14 64 1555
15 64 1490
16 62 1472
17 67 1566
18 65 1539
19 64 1459
20 64 1471
21 66 1523
22 67 1486
23 67 1488
24 67 1444
25 64 1403
26 62 1329
27 60 1284
28 57 1136
29 58 1166
30 58 1114
7 61 1322
8 62 1496
9 65 1518
10 63 1572
11 62 1503
12 61 1591
13 61 1522
14 63 1549
15 65 1579
16 63 1507
17 65 1573
18 66 1595
19 66 1568
20 64 1471
21 67 1516
22 63 1391
23 63 1381
24 63 1357
25 65 1411
26 65 1404
27 63 1344
28 62 1314
29 61 1289
30 59 1227
7 60 1247
8 60 1341
9 62 1475
10 59 1521
11 63 1612
12 61 1582
13 62 1537
14 61 1542
15 62 1523
16 68 1643
17 66 1602
18 66 1562
19 67 1543
20 66 1520
21 67 1537
22 67 1537
23 67 1473
24 67 1463
25 67 1465
26 67 1467
27 66 1414
28 66 1392
29 66 1364
30 63 1310
7 58 1181
8 59 1306
9 62 1475
10 64 1585
11 60 1456
12 60 1457
13 59 1459
14 63 1554
15 62 1507
16 65 1586
17 64 1544
18 67 1598
19 65 1560
20 67 1550
21 63 1383
22 63 1393
23 63 1329
24 63 1333
25 63 1305
26 63 1297
27 63 1283
28 63 1287
29 63 1263
30 64 1305
7 60 1352
8 62 1414
9 64 1543
10 65 1595
11 65 1596
12 66 1616
13 65 1629
14 62 1519
15 65 1599
16 63 1538
17 65 1530
18 64 1523
19 66 1557
20 65 1501
21 66 1531
22 63 1444
23 61 1362
24 60 1286
25 60 1290
26 60 1266
27 60 1262
28 59 1247
29 59 1228
30 59 1210
7 62 1435
8 60 1446
9 64 1565
10 62 1596
11 62 1577
12 65 1605
13 63 1578
14 64 1572
15 63 1564
16 63 1560
17 65 1613
18 64 1547
19 63 1513
20 65 1524
21 67 1561
22 64 1437
23 65 1444
24 65 1447
25 64 1386
26 61 1326
27 61 1304
28 60 1293
29 60 1245
30 60 1233
7 63 1326
8 60 1299
9 62 1458
10 61 1502
11 61 1518
12 63 1546
13 61 1466
14 65 1588
15 63 1527
16 66 1574
17 65 1577
18 66 1585
19 66 1584
20 65 1567
21 67 1529
22 66 1523
23 66 1464
24 64 1420
25 64 1395
26 65 1366
27 64 1325
28 63 1306
29 61 1276
30 61 1262
7 62 1349
8 65 1512
9 65 1608
10 60 1533
11 59 1381
12 60 1497
13 63 1588
14 63 1586
15 64 1572
16 63 1593
17 64 1552
18 65 1593
19 63 1490
20 64 1472
21 64 1481
22 65 1499
23 63 1395
24 63 1397
25 63 1365
26 63 1367
27 63 1355
28 63 1339
29 63 1305
30 63 1317
7 59 1247
8 60 1294
9 60 1429
10 64 1472
11 65 1585
12 62 1530
13 63 1508
14 63 1525
15 62 1502
16 65 1609
17 66 1521
18 64 1497
19 68 1534
20 65 1486
21 64 1424
22 64 1442
23 62 1288
24 61 1274
25 61 1268
26 61 1248
27 62 1247
28 62 1245
29 63 1258
30 62 1242
7 63 1313
8 63 1408
9 65 1662
10 64 1598
11 62 1486
12 63 1552
13 60 1482
14 60 1512
15 62 1540
16 61 1497
17 64 1542
18 66 1601
19 63 1540
20 66 1566
21 66 1502
22 66 1512
23 64 1425
24 65 1440
25 65 1386
26 64 1366
27 65 1387
28 65 1353
29 64 1341
30 63 1327
7 59 1393
8 63 1475
9 63 1507
10 59 1464
11 62 1540
12 63 1486
13 63 1522
14 61 1450
15 62 1522
16 60 1464
17 65 1571
18 65 1596
19 66 1609
20 65 1503
21 67 1513
22 67 1525
23 67 1535
24 67 1459
25 63 1363
26 64 1390
27 64 1346
28 64 1397
29 63 1321
30 62 1284
7 64 1402
8 64 1406
9 63 1508
10 63 1559
11 61 1519
12 61 1585
13 63 1641
14 59 1449
15 63 1584
16 61 1535
17 62 1545
18 60 1450
19 65 1538
20 66 1609
21 65 1500
22 65 1482
23 64 1439
24 64 1422
25 62 1338
26 58 1264
27 58 1224
28 58 1224
29 60 1231
30 60 1194
7 60 1294
8 58 1348
9 66 1580
10 60 1478
11 60 1549
12 59 1511
13 61 1521
14 63 1540
15 59 1412
16 60 1472
17 64 1520
18 63 1553
19 66 1567
20 64 1532
21 65 1477
22 63 1432
23 66 1469
24 67 1478
25 67 1456
26 65 1388
27 68 1407
28 67 1367
29 67 1361
30 65 1321
7 62 1327
8 62 1508
9 61 1454
10 59 1471
11 61 1554
12 59 1500
13 63 1595
14 65 1582
15 65 1527
16 64 1590
17 65 1546
18 64 1492
19 65 1510
20 67 1528
21 67 1564
22 66 1451
23 66 1437
24 66 1439
25 66 1419
26 64 1379
27 64 1363
28 63 1324
29 62 1299
30 62 1259
7 62 1374
8 61 1335
9 62 1474
10 64 1540
11 60 1496
12 59 1414
13 59 1451
14 65 1574
15 63 1537
16 61 1500
17 62 1503
18 65 1561
19 64 1482
20 65 1522
21 65 1473
22 66 1466
23 64 1423
24 64 1391
25 64 1394
26 64 1384
27 64 1380
28 64 1340
29 65 1352
30 65 1316
7 62 1282
8 61 1371
9 62 1508
10 62 1550
11 61 1569
12 60 1549
13 62 1538
14 62 1541
15 60 1523
16 61 1543
17 61 1441
18 64 1572
19 65 1494
20 65 1576
21 66 1522
22 62 1418
23 65 1490
24 65 1486
25 64 1384
26 64 1362
27 64 1388
28 64 1356
29 64 1372
30 64 1324
7 59 1231
8 59 1290
9 61 1442
10 61 1522
11 61 1473
12 62 1501
13 61 1487
14 60 1475
15 62 1469
16 64 1543
17 67 1613
18 67 1565
19 68 1564
20 66 1471
21 66 1455
22 66 1453
23 66 1449
24 66 1451
25 64 1406
26 64 1362
27 63 1303
28 64 1338
29 63 1281
30 64 1307
7 59 1166
8 63 1363
9 63 1537
10 62 1466
11 64 1630
12 63 1576
13 61 1520
14 63 1616
15 63 1578
16 65 1577
17 67 1632
18 68 1599
19 65 1499
20 65 1543
21 68 1512
22 68 1496
23 68 1516
24 66 1446
25 67 1425
26 67 1425
27 63 1294
28 63 1298
29 63 1282
30 64 1292
7 60 1265
8 61 1311
9 62 1467
10 64 1574
11 64 1546
12 60 1386
13 59 1515
14 60 1498
15 65 1541
16 62 1557
17 63 1521
18 64 1558
19 63 1535
20 64 1532
21 66 1560
22 65 1459
23 67 1484
24 65 1419
25 65 1393
26 64 1360
27 64 1358
28 64 1338
29 64 1332
30 63 1277
7 61 1278
8 61 1345
9 62 1461
10 63 1534
11 64 1544
12 61 1600
13 63 1559
14 64 1566
15 64 1542
16 66 1633
17 65 1533
18 64 1502
19 63 1427
20 66 1550
21 62 1440
22 62 1445
23 60 1304
24 60 1288
25 61 1254
26 59 1243
27 58 1211
28 60 1226
29 57 1144
30 59 1179
7 60 1317
8 64 1430
9 64 1548
10 64 1583
11 62 1470
12 63 1600
13 64 1557
14 64 1573
15 62 1493
16 62 1477
17 65 1585
18 66 1540
19 67 1577
20 65 1484
21 65 1511
22 65 1506
23 66 1474
24 66 1480
25 66 1408
26 62 1336
27 62 1283
28 62 1279
29 62 1259
30 62 1255
7 62 1385
8 58 1225
9 61 1454
10 63 1553
11 62 1483
12 63 1560
13 63 1571
14 64 1626
15 62 1573
16 61 1590
17 62 1561
18 63 1565
19 64 1585
20 65 1558
21 65 1508
22 64 1455
23 63 1384
24 63 1434
25 63 1396
26 64 1390
27 64 1378
28 64 1342
29 60 1250
30 63 1295
7 61 1326
8 63 1377
9 63 1487
10 64 1526
11 63 1558
12 62 1479
13 62 1513
14 62 1534
15 63 1530
16 64 1506
17 64 1556
18 66 1569
19 66 1545
20 67 1509
21 66 1503
22 67 1532
23 65 1431
24 67 1486
25 67 1476
26 67 1468
27 65 1384
28 66 1382
29 62 1253
30 62 1247
7 62 1318
8 60 1354
9 61 1447
10 61 1501
11 65 1593
12 63 1585
13 62 1517
14 62 1498
15 60 1460
16 60 1500
17 61 1460
18 65 1573
19 63 1494
20 67 1582
21 65 1502
22 65 1496
23 65 1472
24 65 1474
25 65 1450
26 63 1357
27 62 1315
28 62 1320
29 63 1296
30 63 1292
7 63 1377
8 63 1429
9 65 1604
10 64 1524
11 62 1484
12 62 1547
13 57 1454
14 64 1614
15 63 1534
16 62 1476
17 61 1478
18 62 1535
19 62 1409
20 62 1427
21 65 1440
22 67 1501
23 67 1471
24 63 1343
25 63 1329
26 63 1301
27 63 1311
28 63 1287
29 62 1276
30 62 1252
7 59 1185
8 59 1271
9 61 1407
10 61 1460
11 58 1403
12 59 1408
13 57 1430
14 62 1534
15 62 1478
16 62 1535
17 66 1563
18 66 1551
19 64 1453
20 65 1473
21 65 1428
22 66 1453
23 64 1351
24 63 1349
25 62 1319
26 62 1321
27 62 1307
28 61 1282
29 62 1298
30 62 1276
7 61 1442
8 61 1380
9 61 1513
10 63 1588
11 60 1507
12 60 1498
13 59 1511
14 61 1510
15 60 1485
16 65 1582
17 61 1496
18 64 1510
19 67 1617
20 67 1554
21 67 1538
22 64 1479
23 64 1455
24 65 1443
25 64 1405
26 63 1355
27 62 1306
28 62 1302
29 63 1364
30 60 1255
7 65 1465
8 61 1421
9 66 1651
10 64 1510
11 61 1444
12 59 1540
13 57 1362
14 58 1415
15 58 1440
16 61 1488
17 58 1401
18 60 1419
19 63 1500
20 60 1416
21 63 1445
22 65 1519
23 63 1455
24 66 1561
25 66 1419
26 62 1340
27 63 1315
28 59 1236
29 59 1222
30 60 1215
7 61 1301
8 61 1317
9 62 1408
10 61 1469
11 61 1512
12 63 1572
13 61 1435
14 61 1540
15 62 1517
16 63 1585
17 64 1510
18 62 1487
19 64 1494
20 64 1435
21 65 1467
22 65 1475
23 66 1440
24 66 1408
25 66 1412
26 66 1392
27 64 1327
28 65 1340
29 59 1192
30 58 1175
7 62 1356
8 60 1321
9 63 1574
10 64 1588
11 62 1541
12 64 1593
13 68 1663
14 66 1669
15 64 1598
16 65 1606
17 64 1572
18 66 1565
19 65 1581
20 66 1530
21 66 1486
22 64 1413
23 63 1402
24 63 1388
25 63 1372
26 62 1337
27 63 1326
28 62 1321
29 63 1308
30 62 1275
7 61 1326
8 61 1351
9 65 1576
10 63 1510
11 59 1389
12 63 1590
13 64 1597
14 65 1592
15 65 1628
16 66 1635
17 68 1607
18 66 1499
19 65 1519
20 66 1513
21 66 1473
22 67 1467
23 66 1457
24 63 1375
25 63 1343
26 63 1349
27 62 1314
28 61 1310
29 60 1266
30 58 1226
7 61 1307
8 61 1386
9 66 1518
10 66 1567
11 61 1492
12 60 1492
13 60 1446
14 62 1520
15 62 1433
16 65 1534
17 63 1476
18 66 1565
19 65 1480
20 65 1479
21 66 1532
22 66 1433
23 65 1419
24 66 1440
25 65 1403
26 64 1353
27 64 1331
28 64 1315
29 62 1269
30 64 1331
7 61 1329
8 63 1398
9 62 1473
10 62 1549
11 62 1549
12 62 1489
13 56 1367
14 61 1505
15 62 1508
16 61 1486
17 63 1504
18 62 1470
19 66 1546
20 67 1560
21 65 1464
22 65 1454
23 68 1529
24 66 1444
25 64 1388
26 63 1338
27 63 1343
28 60 1219
29 62 1279
30 60 1178
7 60 1358
8 62 1349
9 63 1451
10 62 1514
11 63 1516
12 64 1568
13 59 1345
14 59 1427
15 64 1510
16 61 1449
17 61 1391
18 63 1461
19 65 1501
20 61 1409
21 63 1471
22 66 1532
23 66 1500
24 67 1467
25 65 1473
26 66 1451
27 67 1455
28 66 1410
29 62 1317
30 61 1279
7 63 1291
8 60 1428
9 66 1535
10 65 1560
11 67 1631
12 63 1522
13 65 1587
14 65 1506
15 64 1577
16 66 1647
17 66 1515
18 66 1594
19 65 1520
20 64 1501
21 65 1494
22 64 1395
23 64 1356
24 64 1366
25 63 1309
26 63 1297
27 62 1277
28 62 1255
29 60 1228
30 60 1209
7 60 1310
8 61 1373
9 62 1526
10 63 1629
11 62 1539
12 60 1378
13 63 1515
14 62 1527
15 62 1536
16 60 1476
17 64 1532
18 63 1489
19 64 1483
20 65 1514
21 64 1464
22 65 1438
23 65 1525
24 65 1433
25 66 1443
26 64 1359
27 65 1364
28 61 1255
29 62 1259
30 60 1238
7 62 1331
8 61 1309
9 62 1502
10 60 1542
11 62 1503
12 59 1501
13 65 1648
14 64 1632
15 65 1579
16 64 1579
17 65 1611
18 65 1610
19 66 1505
20 66 1506
21 64 1463
22 64 1415
23 65 1466
24 64 1399
25 64 1388
26 62 1280
27 62 1262
28 62 1274
29 60 1225
30 60 1203
7 60 1247
8 60 1355
9 63 1578
10 61 1450
11 61 1511
12 59 1427
13 62 1524
14 62 1516
15 60 1471
16 61 1480
17 62 1540
18 63 1474
19 64 1539
20 67 1621
21 66 1527
22 68 1588
23 66 1522
24 64 1425
25 65 1433
26 66 1466
27 64 1359
28 62 1287
29 63 1294
30 59 1201
7 62 1220
8 64 1413
9 64 1501
10 66 1572
11 65 1599
12 64 1525
13 65 1658
14 64 1602
15 65 1590
16 64 1520
17 67 1581
18 67 1604
19 67 1595
20 68 1582
21 66 1528
22 65 1490
23 67 1487
24 66 1440
25 63 1359
26 63 1359
27 64 1349
28 64 1347
29 63 1325
30 64 1339
7 63 1350
8 64 1450
9 66 1576
10 61 1575
11 61 1467
12 66 1607
13 64 1573
14 67 1664
15 65 1563
16 68 1676
17 67 1639
18 65 1536
19 65 1495
20 65 1495
21 67 1517
22 66 1475
23 67 1507
24 66 1468
25 66 1455
26 65 1398
27 63 1319
28 63 1313
29 60 1205
30 59 1185
7 62 1307
8 60 1355
9 63 1461
10 66 1595
11 65 1610
12 64 1552
13 66 1564
14 66 1604
15 64 1560
16 65 1566
17 67 1565
18 65 1499
19 65 1499
20 66 1477
21 66 1517
22 65 1436
23 65 1473
24 65 1429
25 65 1422
26 63 1306
27 64 1309
28 60 1159
29 59 1197
30 59 1187
7 61 1427
8 64 1517
9 63 1476
10 62 1556
11 60 1508
12 61 1537
13 59 1523
14 60 1521
15 64 1621
16 62 1539
17 65 1630
18 65 1574
19 66 1608
20 65 1516
21 67 1575
22 67 1553
23 65 1460
24 63 1450
25 65 1392
26 64 1387
27 64 1362
28 60 1245
29 60 1247
30 60 1217
7 61 1312
8 62 1436
9 64 1548
10 61 1566
11 63 1617
12 61 1567
13 63 1597
14 60 1481
15 65 1595
16 64 1532
17 63 1561
18 62 1454
19 63 1537
20 63 1476
21 62 1462
22 60 1478
23 63 1434
24 65 1458
25 66 1456
26 64 1418
27 62 1327
28 62 1324
29 62 1350
30 62 1340
7 60 1395
8 61 1427
9 64 1547
10 62 1519
11 58 1351
12 58 1453
13 58 1420
14 60 1467
15 62 1495
16 62 1523
17 64 1529
18 63 1487
19 59 1358
20 64 1488
21 63 1399
22 63 1413
23 64 1412
24 60 1304
25 62 1335
26 62 1347
27 62 1345
28 62 1327
29 60 1236
30 60 1230
7 59 1368
8 58 1418
9 64 1536
10 62 1677
11 64 1593
12 64 1569
13 63 1570
14 62 1564
15 64 1552
16 66 1559
17 67 1577
18 67 1609
19 67 1591
20 67 1563
21 65 1468
22 64 1408
23 64 1412
24 63 1390
25 64 1388
26 64 1364
27 63 1307
28 63 1295
29 62 1271
30 62 1293
7 60 1321
8 63 1536
9 57 1341
10 62 1585
11 61 1493
12 59 1541
13 57 1380
14 63 1571
15 59 1490
16 63 1525
17 61 1455
18 60 1419
19 66 1522
20 68 1591
21 64 1436
22 67 1530
23 64 1447
24 63 1403
25 64 1377
26 64 1359
27 64 1341
28 64 1341
29 61 1272
30 61 1274
7 62 1348
8 60 1318
9 64 1459
10 63 1617
11 62 1537
12 62 1535
13 59 1502
14 62 1613
15 67 1620
16 63 1595
17 66 1566
18 65 1557
19 66 1544
20 65 1534
21 64 1469
22 65 1470
23 63 1422
24 63 1418
25 64 1389
26 64 1389
27 64 1391
28 64 1361
29 65 1349
30 64 1320
7 63 1331
8 64 1490
9 65 1521
10 63 1574
11 63 1449
12 63 1527
13 63 1525
14 60 1531
15 66 1592
16 65 1604
17 64 1505
18 65 1558
19 64 1545
20 66 1595
21 65 1497
22 65 1469
23 63 1423
24 62 1393
25 62 1357
26 60 1336
27 60 1274
28 59 1255
29 62 1335
30 58 1255
7 58 1199
8 62 1362
9 63 1378
10 66 1574
11 64 1543
12 63 1490
13 64 1531
14 66 1592
15 65 1504
16 64 1481
17 66 1566
18 68 1523
19 67 1504
20 67 1508
21 67 1485
22 64 1374
23 64 1384
24 64 1370
25 64 1362
26 64 1338
27 64 1330
28 64 1334
29 62 1279
30 63 1278
7 62 1310
8 63 1457
9 64 1523
10 67 1593
11 66 1566
12 64 1528
13 62 1508
14 63 1547
15 64 1573
16 64 1547
17 66 1610
18 64 1523
19 67 1565
20 65 1503
21 65 1472
22 67 1558
23 67 1530
24 63 1397
25 64 1463
26 63 1421
27 63 1378
28 63 1342
29 63 1282
30 63 1280
7 61 1296
8 65 1494
9 63 1526
10 63 1596
11 63 1575
12 62 1554
13 62 1485
14 62 1571
15 62 1449
16 64 1581
17 65 1565
18 66 1576
19 65 1539
20 66 1524
21 66 1463
22 65 1452
23 64 1371
24 66 1441
25 64 1378
26 64 1369
27 63 1305
28 64 1320
29 61 1265
30 61 1245
7 62 1393
8 66 1488
9 64 1600
10 60 1477
11 62 1588
12 62 1553
13 62 1504
14 62 1582
15 65 1605
16 67 1602
17 66 1588
18 66 1586
19 65 1567
20 67 1640
21 65 1511
22 65 1525
23 65 1467
24 65 1451
25 65 1467
26 65 1447
27 62 1354
28 62 1366
29 60 1309
30 59 1265
7 60 1325
8 62 1473
9 63 1488
10 62 1499
11 62 1521
12 60 1582
13 60 1547
14 64 1557
15 61 1545
16 66 1606
17 67 1669
18 66 1585
19 65 1520
20 67 1546
21 66 1510
22 67 1526
23 67 1513
24 64 1434
25 66 1464
26 65 1426
27 65 1408
28 64 1383
29 65 1380
30 64 1313
7 64 1432
8 61 1412
9 66 1680
10 62 1516
11 64 1486
12 60 1570
13 63 1530
14 63 1558
15 64 1557
16 64 1591
17 66 1649
18 64 1555
19 63 1497
20 65 1532
21 66 1519
22 65 1508
23 63 1393
24 61 1294
25 60 1265
26 60 1259
27 60 1257
28 60 1235
29 59 1208
30 61 1229
7 62 1405
8 62 1331
9 66 1584
10 63 1569
11 61 1544
12 62 1491
13 64 1614
14 64 1571
15 61 1413
16 61 1476
17 64 1533
18 65 1514
19 65 1495
20 66 1521
21 66 1476
22 66 1488
23 65 1473
24 65 1431
25 65 1399
26 66 1397
27 65 1397
28 64 1354
29 63 1267
30 60 1209
7 63 1504
8 59 1383
9 61 1523
10 63 1581
11 63 1579
12 59 1572
13 59 1464
14 60 1518
15 59 1468
16 60 1480
17 61 1464
18 60 1501
19 59 1443
20 64 1541
21 61 1499
22 66 1520
23 65 1493
24 65 1475
25 63 1382
26 62 1355
27 62 1343
28 62 1317
29 62 1303
30 61 1302
7 56 1195
8 64 1534
9 62 1470
10 62 1485
11 64 1614
12 64 1568
13 64 1554
14 64 1542
15 65 1586
16 67 1580
17 67 1604
18 65 1512
19 66 1535
20 68 1578
21 67 1590
22 67 1488
23 67 1517
24 66 1423
25 67 1448
26 64 1375
27 64 1373
28 64 1369
29 63 1368
30 62 1289
7 62 1300
8 63 1391
9 64 1521
10 64 1524
11 62 1495
12 63 1573
13 62 1487
14 61 1494
15 63 1494
16 61 1443
17 63 1482
18 65 1508
19 64 1484
20 63 1475
21 64 1537
22 66 1473
23 64 1387
24 63 1344
25 63 1344
26 63 1318
27 62 1305
28 64 1302
29 62 1226
30 61 1230
7 62 1419
8 61 1312
9 65 1608
10 60 1467
11 60 1447
12 62 1559
13 59 1416
14 60 1510
15 62 1456
16 62 1518
17 61 1489
18 65 1529
19 59 1413
20 63 1423
21 64 1459
22 66 1530
23 65 1477
24 64 1424
25 65 1470
26 64 1382
27 65 1373
28 62 1285
29 65 1365
30 62 1299
7 58 1319
8 61 1451
9 61 1467
10 64 1626
11 61 1518
12 59 1488
13 63 1538
14 62 1528
15 64 1484
16 64 1537
17 68 1634
18 66 1542
19 67 1545
20 66 1536
21 65 1424
22 65 1442
23 64 1359
24 64 1361
25 63 1389
26 62 1324
27 62 1284
28 60 1240
29 62 1293
30 62 1275
7 58 1083
8 60 1345
9 64 1386
10 64 1550
11 64 1586
12 63 1629
13 64 1546
14 64 1623
15 66 1540
16 64 1537
17 67 1565
18 66 1533
19 64 1509
20 64 1492
21 66 1523
22 64 1485
23 63 1425
24 64 1416
25 64 1422
26 63 1345
27 62 1326
28 60 1258
29 61 1260
30 61 1219
7 61 1325
8 64 1475
9 62 1463
10 59 1508
11 60 1513
12 64 1578
13 63 1653
14 62 1552
15 61 1550
16 66 1631
17 64 1578
18 64 1605
19 64 1552
20 64 1523
21 64 1540
22 65 1534
23 63 1519
24 64 1429
25 63 1387
26 64 1396
27 63 1322
28 63 1322
29 62 1301
30 63 1290
7 61 1309
8 64 1393
9 61 1575
10 63 1564
11 63 1602
12 62 1601
13 64 1638
14 66 1579
15 64 1606
16 64 1597
17 66 1601
18 65 1590
19 65 1577
20 68 1572
21 65 1514
22 67 1534
23 65 1450
24 67 1458
25 65 1368
26 63 1327
27 62 1337
28 62 1291
29 62 1271
30 60 1218
7 60 1351
8 61 1445
9 60 1371
10 63 1594
11 63 1637
12 61 1596
13 60 1552
14 63 1585
15 65 1656
16 66 1683
17 65 1625
18 66 1648
19 63 1579
20 64 1564
21 63 1448
22 63 1474
23 65 1487
24 65 1481
25 63 1379
26 60 1299
27 60 1267
28 61 1272
29 60 1241
30 60 1225
7 62 1359
8 64 1502
9 63 1484
10 63 1617
11 64 1620
12 64 1612
13 63 1532
14 63 1580
15 66 1649
16 63 1528
17 66 1615
18 66 1582
19 65 1517
20 66 1501
21 67 1558
22 66 1499
23 65 1455
24 65 1394
25 64 1361
26 62 1290
27 62 1282
28 62 1274
29 61 1204
30 61 1194
7 61 1349
8 63 1359
9 63 1571
10 64 1619
11 64 1619
12 63 1530
13 62 1549
14 63 1514
15 62 1483
16 62 1496
17 64 1520
18 64 1490
19 65 1511
20 66 1536
21 66 1498
22 64 1474
23 64 1446
24 62 1362
25 62 1344
26 61 1298
27 59 1255
28 59 1247
29 58 1206
30 58 1174
7 64 1354
8 63 1493
9 61 1531
10 61 1449
11 59 1433
12 59 1512
13 61 1480
14 62 1512
15 63 1543
16 62 1532
17 62 1504
18 67 1587
19 65 1548
20 64 1447
21 67 1506
22 66 1460
23 66 1470
24 64 1424
25 64 1412
26 65 1398
27 63 1324
28 63 1308
29 63 1254
30 63 1271
7 63 1416
8 61 1270
9 63 1490
10 65 1656
11 59 1513
12 60 1544
13 60 1565
14 63 1567
15 61 1512
16 62 1550
17 62 1536
18 62 1517
19 62 1532
20 64 1559
21 67 1582
22 66 1498
23 64 1432
24 64 1458
25 62 1402
26 68 1477
27 68 1467
28 66 1429
29 64 1323
30 64 1365
7 58 1195
8 64 1447
9 63 1381
10 64 1526
11 64 1558
12 64 1566
13 64 1512
14 64 1527
15 66 1580
16 64 1556
17 65 1551
18 65 1575
19 66 1617
20 66 1535
21 65 1516
22 65 1471
23 64 1434
24 66 1471
25 66 1413
26 66 1437
27 64 1348
28 65 1384
29 60 1263
30 60 1242
7 59 1200
8 61 1368
9 65 1455
10 64 1518
11 66 1627
12 63 1575
13 66 1648
14 65 1528
15 66 1565
16 62 1512
17 65 1539
18 66 1561
19 66 1527
20 66 1524
21 65 1489
22 65 1513
23 62 1400
24 63 1434
25 64 1421
26 65 1448
27 65 1394
28 63 1342
29 61 1293
30 61 1312
7 58 1307
8 62 1460
9 61 1482
10 59 1484
11 60 1506
12 62 1527
13 62 1519
14 59 1498
15 63 1559
16 62 1476
17 65 1551
18 67 1550
19 67 1550
20 66 1557
21 67 1517
22 65 1488
23 64 1403
24 64 1383
25 64 1359
26 65 1354
27 65 1391
28 65 1353
29 61 1256
30 61 1260
7 63 1494
8 63 1456
9 62 1506
10 63 1510
11 61 1484
12 64 1579
13 60 1523
14 59 1476
15 61 1454
16 63 1530
17 62 1460
18 66 1546
19 65 1516
20 65 1497
21 65 1466
22 66 1480
23 65 1419
24 65 1407
25 63 1328
26 63 1300
27 63 1310
28 64 1310
29 62 1243
30 62 1227
7 64 1496
8 61 1406
9 64 1586
10 62 1509
11 58 1447
12 60 1467
13 62 1574
14 58 1435
15 63 1576
16 63 1490
17 66 1606
18 66 1584
19 65 1555
20 68 1584
21 68 1574
22 67 1550
23 67 1530
24 68 1529
25 66 1491
26 65 1381
27 62 1312
28 60 1265
29 58 1232
30 59 1228
7 59 1289
8 61 1335
9 60 1386
10 62 1470
11 59 1486
12 62 1527
13 62 1483
14 63 1537
15 65 1574
16 63 1515
17 64 1513
18 63 1490
19 63 1543
20 64 1487
21 65 1480
22 65 1446
23 65 1450
24 65 1434
25 65 1401
26 65 1395
27 64 1350
28 64 1334
29 64 1308
30 63 1288
7 61 1290
8 63 1376
9 65 1535
10 64 1604
11 62 1582
12 62 1509
13 63 1575
14 64 1531
15 66 1580
16 65 1548
17 65 1541
18 67 1607
19 66 1561
20 66 1547
21 66 1465
22 67 1495
23 63 1419
24 63 1423
25 60 1307
26 60 1293
27 61 1286
28 61 1272
29 60 1249
30 60 1215
7 63 1409
8 60 1445
9 64 1550
10 62 1533
11 62 1527
12 62 1550
13 59 1500
14 62 1586
15 62 1542
16 64 1569
17 61 1453
18 64 1529
19 65 1547
20 63 1488
21 63 1427
22 63 1411
23 65 1442
24 63 1365
25 62 1305
26 63 1338
27 63 1324
28 63 1316
29 62 1288
30 61 1252
7 60 1333
8 61 1407
9 66 1619
10 61 1517
11 63 1508
12 65 1521
13 62 1504
14 63 1510
15 65 1548
16 64 1500
17 66 1541
18 66 1613
19 68 1575
20 66 1538
21 66 1497
22 66 1457
23 68 1462
24 68 1472
25 65 1371
26 66 1370
27 66 1334
28 65 1313
29 65 1301
30 65 1281
7 62 1382
8 59 1330
9 65 1544
10 64 1603
11 64 1604
12 60 1496
13 64 1547
14 62 1536
15 60 1503
16 60 1474
17 62 1506
18 62 1546
19 62 1452
20 63 1526
21 62 1423
22 64 1421
23 63 1394
24 64 1420
25 63 1399
26 63 1398
27 62 1350
28 62 1308
29 62 1312
30 62 1288
7 61 1413
8 59 1434
9 60 1438
10 59 1505
11 63 1517
12 61 1459
13 64 1563
14 61 1496
15 60 1449
16 60 1439
17 63 1480
18 61 1458
19 63 1497
20 63 1521
21 60 1361
22 64 1457
23 64 1378
24 64 1423
25 65 1408
26 63 1389
27 64 1424
28 63 1306
29 62 1261
30 62 1223
7 62 1353
8 61 1444
9 65 1627
10 63 1456
11 61 1546
12 63 1605
13 61 1563
14 62 1515
15 65 1544
16 65 1538
17 64 1502
18 63 1498
19 65 1493
20 65 1511
21 65 1481
22 65 1433
23 65 1425
24 64 1375
25 64 1341
26 63 1292
27 63 1302
28 62 1274
29 62 1274
30 61 1234
7 63 1384
8 62 1534
9 63 1538
10 62 1443
11 62 1472
12 62 1559
13 63 1512
14 65 1612
15 65 1562
16 61 1475
17 62 1506
18 64 1554
19 67 1552
20 67 1556
21 67 1551
22 66 1473
23 65 1458
24 64 1425
25 62 1374
26 62 1342
27 62 1330
28 65 1357
29 65 1339
30 65 1337
7 63 1397
8 61 1402
9 62 1494
10 63 1489
11 61 1485
12 61 1444
13 59 1419
14 61 1446
15 62 1453
16 61 1475
17 62 1406
18 62 1443
19 64 1435
20 63 1447
21 64 1409
22 64 1419
23 64 1401
24 65 1436
25 63 1361
26 64 1351
27 63 1332
28 63 1312
29 63 1268
30 62 1259
7 58 1274
8 62 1395
9 67 1609
10 63 1508
11 62 1489
12 61 1536
13 59 1411
14 58 1456
15 57 1403
16 57 1422
17 60 1483
18 63 1512
19 63 1494
20 65 1543
21 64 1495
22 66 1507
23 64 1393
24 65 1442
25 64 1372
26 63 1322
27 64 1330
28 64 1320
29 63 1303
30 63 1293
7 61 1198
8 59 1345
9 64 1344
10 65 1558
11 64 1521
12 66 1607
13 65 1521
14 66 1547
15 66 1541
16 65 1600
17 67 1597
18 65 1554
19 66 1554
20 65 1497
21 65 1486
22 65 1490
23 65 1438
24 64 1403
25 65 1418
26 65 1396
27 65 1388
28 62 1317
29 66 1404
30 63 1328
7 62 1285
8 62 1427
9 65 1566
10 64 1514
11 63 1565
12 59 1398
13 60 1485
14 60 1562
15 62 1529
16 57 1410
17 64 1534
18 64 1542
19 64 1506
20 66 1497
21 67 1543
22 68 1550
23 65 1491
24 67 1470
25 67 1480
26 64 1380
27 64 1351
28 63 1318
29 62 1263
30 62 1259
7 59 1213
8 61 1342
9 65 1576
10 66 1560
11 64 1486
12 65 1552
13 65 1578
14 65 1566
15 66 1604
16 65 1518
17 64 1506
18 66 1549
19 66 1525
20 67 1593
21 66 1446
22 68 1512
23 67 1468
24 68 1509
25 65 1423
26 62 1292
27 62 1287
28 62 1282
29 62 1292
30 64 1296
7 60 1284
8 61 1460
9 68 1615
10 65 1660
11 62 1488
12 64 1552
13 64 1521
14 66 1541
15 64 1519
16 63 1489
17 66 1552
18 63 1505
19 66 1514
20 66 1464
21 67 1537
22 64 1433
23 66 1461
24 66 1405
25 66 1389
26 63 1300
27 63 1293
28 63 1269
29 62 1256
30 62 1264
7 60 1244
8 60 1405
9 64 1619
10 60 1446
11 61 1542
12 59 1458
13 61 1503
14 59 1509
15 59 1481
16 57 1385
17 62 1467
18 66 1541
19 63 1426
20 65 1506
21 66 1453
22 66 1461
23 66 1447
24 65 1383
25 65 1361
26 66 1443
27 63 1290
28 62 1304
29 61 1214
30 61 1219
7 61 1319
8 62 1415
9 66 1559
10 63 1470
11 65 1601
12 63 1582
13 61 1492
14 61 1438
15 62 1521
16 62 1478
17 65 1552
18 63 1481
19 65 1517
20 65 1515
21 66 1475
22 65 1468
23 63 1388
24 64 1411
25 64 1373
26 63 1341
27 63 1307
28 63 1303
29 63 1278
30 63 1258
7 61 1302
8 63 1465
9 61 1425
10 64 1515
11 64 1580
12 64 1663
13 65 1653
14 62 1597
15 63 1495
16 64 1565
17 66 1622
18 67 1575
19 68 1635
20 65 1554
21 63 1409
22 67 1563
23 65 1462
24 62 1348
25 61 1305
26 61 1267
27 61 1267
28 61 1237
29 61 1253
30 57 1196
7 61 1195
8 63 1341
9 63 1477
10 64 1513
11 62 1521
12 64 1551
13 64 1535
14 63 1572
15 64 1568
16 63 1535
17 64 1492
18 67 1576
19 64 1450
20 64 1432
21 65 1503
22 64 1473
23 64 1437
24 65 1466
25 65 1442
26 64 1397
27 64 1369
28 64 1365
29 65 1383
30 65 1371
7 62 1443
8 62 1422
9 64 1580
10 62 1543
11 57 1518
12 60 1581
13 61 1526
14 59 1455
15 62 1471
16 59 1438
17 60 1444
18 62 1445
19 66 1535
20 66 1529
21 66 1545
22 68 1513
23 64 1382
24 63 1360
25 64 1346
26 64 1336
27 64 1332
28 65 1344
29 64 1307
30 64 1295

FINAL RESULT:69
heat: 25
length: 1405
[('22', '43'), ('26', '7'), ('45', '35'), ('37', '21'), ('47', '1'), ('35', '20'), ('28', '48'), ('27', '42'), ('38', '41'), ('2', '12'), ('44', '32'), ('25', '30'), ('15', '47'), ('34', '32'), ('6', '40'), ('33', '3'), ('12', '46'), ('23', '45'), ('7', '34'), ('15', '44'), ('1', '4'), ('16', '23'), ('4', '22'), ('18', '36'), ('13', '10'), ('2', '38'), ('47', '30'), ('48', '45'), ('31', '41'), ('35', '3'), ('22', '34'), ('49', '35'), ('27', '40'), ('17', '9'), ('13', '6'), ('26', '18'), ('39', '8'), ('40', '4'), ('39', '50'), ('33', '26'), ('45', '29'), ('6', '18'), ('6', '42'), ('38', '44'), ('34', '8'), ('1', '40'), ('49', '3'), ('15', '17'), ('28', '37'), ('38', '3'), ('4', '15'), ('19', '43'), ('2', '21'), ('46', '39'), ('4', '11'), ('31', '33'), ('14', '46'), ('15', '35'), ('28', '39'), ('30', '38'), ('50', '29'), ('31', '8'), ('12', '11'), ('41', '48'), ('2', '14'), ('50', '13'), ('13', '37'), ('40', '39'), ('9', '5'), ('17', '11')]
