5 53 912
6 53 884
7 58 1084
8 58 1109
9 59 1222
10 60 1300
11 60 1368
12 60 1438
13 59 1367
14 60 1360
15 60 1422
16 60 1458
17 59 1334
18 59 1346
19 59 1306
20 60 1316
21 59 1289
22 60 1296
23 60 1246
24 59 1225
25 58 1176
26 57 1140
27 55 1066
28 55 1058
29 54 1037
30 54 1031
31 54 1017
32 51 917
33 49 845
34 51 876
35 51 876
36 51 840
37 51 830
38 49 806
39 49 800
40 49 800
41 49 786
42 49 776
43 49 776
44 47 717
45 47 699
46 46 676
47 43 612
48 43 612
49 40 561
50 40 561
5 50 830
6 50 821
7 55 1062
8 53 1075
9 55 1151
10 55 1177
11 54 1215
12 55 1257
13 56 1334
14 57 1306
15 56 1302
16 58 1357
17 58 1350
18 59 1391
19 58 1298
20 59 1277
21 60 1308
22 58 1217
23 58 1186
24 58 1192
25 58 1172
26 58 1120
27 59 1124
28 58 1091
29 57 1072
30 56 1029
31 54 963
32 54 898
33 54 908
34 55 956
35 55 918
36 55 916
37 55 902
38 55 908
39 55 908
40 55 898
41 54 883
42 54 887
43 54 887
44 52 846
45 52 846
46 46 675
47 45 642
48 45 642
49 45 642
50 41 561
5 53 875
6 52 862
7 58 1114
8 57 1119
9 58 1244
10 59 1263
11 58 1330
12 58 1386
13 58 1346
14 57 1408
15 58 1316
16 55 1252
17 56 1261
18 59 1337
19 58 1260
20 59 1281
21 57 1200
22 58 1203
23 55 1127
24 57 1170
25 56 1131
26 56 1139
27 56 1121
28 57 1082
29 53 969
30 54 943
31 50 900
32 48 827
33 48 797
34 48 795
35 48 797
36 48 797
37 48 785
38 48 785
39 48 781
40 48 773
41 45 722
42 45 716
43 43 608
44 43 608
45 43 604
46 43 592
47 43 578
48 43 576
49 43 576
50 43 576
5 52 843
6 53 893
7 57 1072
8 55 1070
9 57 1317
10 59 1298
11 57 1305
12 60 1436
13 58 1421
14 58 1403
15 57 1401
16 59 1461
17 58 1395
18 57 1377
19 58 1305
20 58 1297
21 58 1233
22 58 1201
23 58 1189
24 58 1179
25 58 1141
26 57 1132
27 57 1116
28 54 1049
29 54 997
30 54 997
31 53 954
32 49 815
33 50 842
34 48 793
35 48 793
36 48 781
37 48 779
38 48 779
39 48 761
40 48 731
41 47 718
42 47 718
43 47 708
44 48 707
45 48 707
46 48 705
47 46 673
48 46 673
49 47 677
50 47 663
5 53 925
6 53 959
7 54 1023
8 52 1029
9 57 1170
10 55 1242
11 55 1208
12 58 1414
13 58 1433
14 56 1341
15 57 1327
16 58 1371
17 60 1412
18 60 1394
19 58 1284
20 58 1232
21 58 1266
22 57 1209
23 56 1143
24 54 1095
25 52 1037
26 52 1023
27 53 1033
28 52 993
29 52 975
30 52 959
31 52 933
32 50 826
33 50 826
34 49 813
35 49 793
36 50 799
37 49 773
38 49 765
39 47 764
40 47 762
41 46 720
42 46 720
43 46 716
44 49 779
45 49 771
46 49 769
47 46 650
48 46 646
49 46 674
50 46 674
5 53 900
6 53 923
7 57 1108
8 57 1103
9 58 1205
10 55 1189
11 60 1420
12 58 1398
13 59 1444
14 59 1440
15 57 1332
16 57 1318
17 59 1356
18 58 1288
19 57 1359
20 58 1316
21 57 1303
22 55 1243
23 57 1236
24 56 1147
25 56 1153
26 56 1129
27 56 1129
28 57 1092
29 55 1007
30 52 918
31 52 912
32 52 862
33 52 850
34 50 803
35 47 755
36 49 786
37 49 776
38 49 764
39 49 744
40 49 742
41 49 747
42 49 735
43 49 719
44 49 711
45 49 709
46 49 679
47 49 679
48 49 679
49 46 610
50 46 610
5 54 986
6 53 977
7 57 1066
8 54 1122
9 57 1167
10 59 1256
11 59 1380
12 59 1366
13 59 1382
14 59 1372
15 57 1334
16 58 1338
17 59 1362
18 57 1252
19 57 1250
20 58 1323
21 56 1205
22 55 1118
23 55 1134
24 55 1082
25 55 1074
26 53 1050
27 54 1052
28 54 1048
29 54 1008
30 53 980
31 53 968
32 55 963
33 52 890
34 52 876
35 52 880
36 52 848
37 52 848
38 52 840
39 50 800
40 49 787
41 49 777
42 46 709
43 46 715
44 47 718
45 47 716
46 47 710
47 44 655
48 44 655
49 45 655
50 45 655
5 51 777
6 55 932
7 58 1071
8 57 1094
9 59 1192
10 58 1265
11 59 1404
12 58 1406
13 58 1394
14 58 1428
15 58 1370
16 58 1386
17 57 1325
18 59 1404
19 58 1339
20 58 1313
21 58 1283
22 58 1251
23 57 1211
24 56 1112
25 54 1030
26 53 1030
27 53 1029
28 53 1027
29 54 1023
30 52 979
31 53 939
32 53 939
33 51 849
34 51 839
35 50 823
36 48 806
37 48 802
38 48 802
39 47 779
40 50 828
41 48 786
42 49 798
43 49 784
44 49 784
45 49 788
46 49 774
47 49 756
48 47 682
49 47 682
50 47 670
5 52 869
6 51 890
7 57 1065
8 55 1103
9 59 1281
10 59 1245
11 59 1341
12 60 1364
13 60 1456
14 59 1367
15 58 1313
16 59 1407
17 59 1349
18 59 1363
19 58 1261
20 58 1249
21 58 1223
22 58 1223
23 57 1171
24 57 1155
25 57 1125
26 57 1127
27 55 1067
28 54 1043
29 54 1013
30 53 967
31 53 965
32 51 873
33 52 893
34 52 885
35 52 883
36 51 833
37 51 833
38 51 809
39 51 813
40 52 868
41 51 846
42 51 846
43 51 759
44 50 785
45 46 703
46 46 701
47 46 687
48 46 687
49 46 687
50 46 687
5 50 818
6 51 868
7 54 962
8 57 1084
9 57 1170
10 59 1258
11 59 1377
12 59 1411
13 58 1414
14 58 1421
15 57 1268
16 59 1375
17 56 1264
18 56 1253
19 57 1222
20 57 1244
21 55 1157
22 55 1173
23 54 1100
24 52 1042
25 53 1074
26 52 1038
27 54 1043
28 54 1019
29 54 977
30 54 981
31 54 957
32 51 903
33 50 874
34 50 874
35 50 838
36 48 772
37 48 770
38 45 736
39 45 738
40 45 734
41 45 724
42 43 683
43 45 730
44 44 650
45 44 630
46 46 675
47 46 671
48 46 663
49 46 657
50 45 649
5 51 841
6 53 974
7 55 1037
8 55 1117
9 56 1224
10 58 1380
11 59 1318
12 59 1398
13 59 1396
14 59 1402
15 60 1446
16 60 1376
17 59 1376
18 60 1400
19 60 1342
20 60 1364
21 59 1262
22 57 1207
23 57 1173
24 59 1218
25 57 1184
26 57 1116
27 57 1110
28 53 953
29 53 925
30 53 905
31 52 875
32 50 844
33 50 846
34 50 830
35 50 828
36 50 828
37 49 775
38 50 767
39 50 759
40 50 753
41 49 732
42 49 722
43 49 722
44 46 686
45 46 668
46 43 615
47 43 601
48 43 599
49 43 591
50 43 575
5 49 781
6 50 849
7 55 1086
8 56 1089
9 57 1241
10 57 1204
11 58 1331
12 58 1386
13 59 1404
14 59 1414
15 58 1368
16 58 1358
17 59 1368
18 59 1352
19 58 1258
20 59 1286
21 59 1222
22 57 1213
23 57 1206
24 57 1179
25 55 1090
26 56 1106
27 55 1067
28 55 1073
29 53 1008
30 53 1002
31 50 884
32 53 952
33 51 890
34 51 896
35 51 870
36 52 877
37 51 870
38 51 868
39 52 903
40 52 891
41 51 836
42 47 773
43 47 751
44 47 741
45 47 720
46 47 710
47 47 710
48 47 711
49 47 682
50 45 629
5 49 748
6 49 810
7 55 1038
8 56 1066
9 57 1245
10 58 1332
11 58 1420
12 59 1452
13 59 1458
14 59 1492
15 60 1440
16 59 1366
17 58 1330
18 58 1286
19 58 1286
20 58 1276
21 59 1316
22 59 1248
23 59 1232
24 55 1089
25 55 1097
26 55 1063
27 55 1053
28 55 1027
29 53 957
30 52 918
31 51 868
32 51 868
33 51 866
34 51 866
35 50 804
36 50 809
37 51 841
38 48 786
39 48 790
40 47 751
41 48 778
42 47 757
43 45 690
44 47 704
45 46 697
46 46 697
47 46 697
48 46 697
49 46 697
50 45 639
5 51 885
6 52 842
7 55 998
8 57 1112
9 58 1192
10 59 1257
11 60 1336
12 60 1368
13 58 1367
14 58 1411
15 58 1377
16 58 1367
17 57 1351
18 57 1291
19 57 1293
20 58 1262
21 58 1290
22 57 1239
23 56 1212
24 56 1224
25 56 1154
26 55 1093
27 53 1023
28 53 995
29 53 981
30 53 975
31 54 958
32 53 930
33 53 912
34 54 908
35 54 884
36 54 874
37 54 872
38 54 864
39 54 862
40 54 854
41 54 834
42 53 823
43 49 706
44 49 706
45 49 706
46 49 702
47 49 702
48 51 770
49 51 770
50 51 766
5 51 843
6 49 809
7 55 1033
8 55 1061
9 59 1265
10 57 1183
11 58 1261
12 59 1348
13 58 1403
14 59 1392
15 58 1379
16 57 1358
17 58 1351
18 58 1401
19 58 1327
20 59 1324
21 58 1261
22 58 1294
23 58 1225
24 57 1168
25 57 1162
26 55 1108
27 55 1084
28 55 1086
29 55 1062
30 55 1044
31 55 1038
32 54 981
33 55 982
34 54 930
35 52 896
36 52 894
37 52 896
38 51 860
39 51 860
40 51 848
41 51 846
42 49 809
43 48 787
44 48 771
45 49 776
46 50 791
47 48 738
48 48 694
49 48 694
50 47 636
5 51 834
6 49 865
7 55 1011
8 57 1143
9 56 1127
10 56 1157
11 57 1302
12 58 1418
13 59 1388
14 58 1410
15 58 1352
16 57 1289
17 58 1321
18 59 1302
19 57 1237
20 58 1308
21 59 1262
22 58 1184
23 56 1120
24 58 1202
25 57 1119
26 57 1099
27 57 1085
28 55 1033
29 55 1009
30 55 987
31 53 928
32 51 874
33 52 868
34 51 845
35 51 841
36 51 837
37 47 789
38 48 786
39 48 784
40 48 780
41 48 756
42 51 828
43 50 791
44 50 783
45 50 767
46 50 807
47 46 682
48 47 680
49 47 680
50 47 684
5 54 917
6 54 950
7 57 1093
8 58 1114
9 58 1238
10 59 1198
11 59 1266
12 57 1328
13 57 1346
14 57 1400
15 56 1292
16 55 1243
17 58 1289
18 58 1275
19 57 1295
20 58 1227
21 57 1198
22 57 1178
23 57 1154
24 57 1150
25 57 1134
26 57 1120
27 56 1093
28 56 1090
29 56 1064
30 55 1030
31 53 948
32 52 934
33 48 808
34 48 808
35 48 808
36 48 784
37 48 784
38 48 776
39 48 772
40 48 778
41 45 699
42 44 673
43 44 669
44 44 655
45 44 645
46 43 609
47 43 603
48 43 586
49 43 574
50 43 574
5 51 819
6 52 873
7 56 1052
8 57 1095
9 57 1153
10 58 1362
11 59 1382
12 58 1378
13 59 1410
14 59 1422
15 59 1408
16 59 1382
17 59 1400
18 59 1360
19 58 1333
20 60 1334
21 59 1287
22 58 1252
23 59 1259
24 58 1194
25 58 1202
26 55 1109
27 55 1095
28 53 1017
29 53 1007
30 55 1049
31 55 1037
32 51 898
33 51 900
34 51 866
35 51 864
36 49 801
37 49 777
38 49 777
39 49 779
40 49 775
41 48 761
42 47 707
43 46 649
44 44 614
45 44 604
46 44 604
47 45 636
48 46 638
49 46 638
50 46 638
5 49 832
6 50 913
7 56 1037
8 54 1051
9 58 1226
10 56 1167
11 58 1302
12 54 1274
13 53 1232
14 53 1222
15 53 1267
16 57 1331
17 56 1241
18 56 1267
19 57 1211
20 57 1195
21 57 1195
22 56 1213
23 54 1135
24 55 1130
25 54 1062
26 55 1063
27 55 1067
28 57 1077
29 57 1069
30 57 1073
31 57 1023
32 55 965
33 52 876
34 52 876
35 52 876
36 52 858
37 51 833
38 51 833
39 51 833
40 51 831
41 51 844
42 51 815
43 53 862
44 51 785
45 49 767
46 49 757
47 48 702
48 49 688
49 47 656
50 47 656
5 50 808
6 50 859
7 52 930
8 54 1069
9 56 1148
10 57 1238
11 58 1367
12 59 1421
13 59 1471
14 57 1417
15 60 1406
16 60 1396
17 59 1359
18 60 1392
19 59 1304
20 60 1354
21 58 1245
22 59 1248
23 58 1251
24 57 1140
25 57 1122
26 57 1123
27 56 1081
28 55 1036
29 55 1008
30 54 977
31 53 993
32 50 928
33 50 918
34 50 878
35 50 874
36 49 851
37 47 793
38 50 848
39 50 846
40 50 848
41 50 808
42 50 804
43 51 808
44 51 830
45 51 826
46 51 810
47 51 817
48 51 817
49 51 811
50 51 769
5 51 846
6 52 912
7 57 1183
8 55 1062
9 58 1247
10 56 1229
11 59 1359
12 57 1338
13 57 1280
14 56 1266
15 57 1324
16 58 1334
17 59 1339
18 59 1399
19 59 1303
20 59 1369
21 58 1259
22 58 1213
23 58 1193
24 56 1163
25 55 1096
26 55 1085
27 56 1105
28 56 1107
29 55 1034
30 53 915
31 50 812
32 49 825
33 47 719
34 47 719
35 47 719
36 47 719
37 47 711
38 47 709
39 47 707
40 47 707
41 45 676
42 45 666
43 43 602
44 43 594
45 42 561
46 41 522
47 41 522
48 41 522
49 41 510
50 41 510
5 52 863
6 53 919
7 58 1078
8 59 1151
9 59 1227
10 58 1240
11 59 1399
12 57 1405
13 58 1381
14 58 1399
15 58 1411
16 57 1336
17 58 1407
18 57 1301
19 58 1263
20 58 1247
21 56 1169
22 55 1147
23 55 1123
24 55 1111
25 55 1068
26 55 1074
27 55 1092
28 53 936
29 53 916
30 54 953
31 50 870
32 53 925
33 53 907
34 52 866
35 52 862
36 52 887
37 52 871
38 52 861
39 52 861
40 52 861
41 52 861
42 50 801
43 50 797
44 47 704
45 47 712
46 46 676
47 46 674
48 46 666
49 46 666
50 46 650
5 50 819
6 52 859
7 55 984
8 56 993
9 56 1181
10 58 1283
11 55 1263
12 56 1323
13 56 1367
14 59 1457
15 58 1426
16 60 1488
17 58 1337
18 58 1295
19 58 1291
20 56 1255
21 56 1189
22 55 1140
23 55 1142
24 56 1129
25 53 1092
26 53 1028
27 52 990
28 54 1061
29 52 971
30 52 952
31 52 968
32 51 919
33 51 901
34 50 897
35 50 881
36 50 854
37 49 800
38 50 822
39 50 822
40 47 719
41 47 719
42 47 705
43 47 701
44 45 657
45 43 568
46 43 568
47 42 538
48 42 538
49 42 530
50 42 530
5 52 874
6 52 885
7 57 1036
8 56 1053
9 57 1195
10 57 1171
11 60 1404
12 59 1405
13 58 1499
14 60 1382
15 59 1380
16 60 1430
17 60 1462
18 58 1315
19 58 1295
20 57 1262
21 55 1187
22 55 1147
23 55 1142
24 55 1134
25 55 1110
26 55 1102
27 55 1050
28 55 1040
29 55 1026
30 55 1014
31 53 990
32 53 990
33 52 937
34 53 936
35 50 827
36 49 849
37 50 836
38 50 832
39 49 827
40 49 813
41 50 798
42 45 715
43 44 655
44 44 657
45 44 657
46 43 596
47 43 596
48 43 590
49 43 590
50 42 588
5 51 855
6 50 858
7 55 966
8 57 1113
9 60 1308
10 60 1366
11 59 1365
12 60 1288
13 60 1408
14 60 1380
15 60 1386
16 60 1376
17 60 1400
18 60 1380
19 57 1271
20 58 1276
21 58 1240
22 59 1232
23 56 1177
24 56 1203
25 56 1173
26 55 1104
27 56 1143
28 56 1103
29 53 1012
30 52 973
31 53 950
32 53 928
33 51 873
34 51 877
35 51 857
36 51 859
37 51 853
38 51 827
39 51 823
40 51 825
41 47 729
42 47 717
43 47 711
44 47 697
45 47 701
46 43 597
47 43 597
48 43 597
49 43 590
50 46 698
5 50 863
6 53 911
7 56 1051
8 58 1188
9 56 1221
10 59 1319
11 58 1354
12 60 1448
13 60 1412
14 59 1419
15 58 1401
16 60 1456
17 57 1319
18 60 1440
19 59 1410
20 59 1388
21 58 1281
22 57 1240
23 58 1173
24 58 1165
25 56 1115
26 56 1121
27 54 1047
28 55 1049
29 55 1033
30 55 1021
31 54 985
32 52 911
33 52 901
34 50 855
35 50 848
36 50 846
37 50 846
38 47 750
39 47 750
40 47 740
41 47 718
42 47 710
43 47 726
44 46 687
45 43 597
46 43 585
47 43 585
48 43 577
49 43 577
50 42 548
5 51 835
6 52 838
7 54 1018
8 54 1052
9 54 1069
10 55 1179
11 57 1306
12 56 1287
13 56 1377
14 57 1407
15 58 1434
16 57 1363
17 59 1378
18 58 1386
19 59 1310
20 59 1268
21 57 1210
22 57 1164
23 57 1154
24 57 1144
25 56 1107
26 56 1107
27 57 1108
28 57 1092
29 57 1090
30 56 1010
31 54 942
32 54 938
33 50 852
34 50 852
35 50 828
36 48 778
37 48 772
38 48 768
39 48 768
40 48 760
41 48 758
42 48 732
43 48 724
44 48 746
45 47 654
46 47 644
47 47 644
48 47 644
49 43 539
50 43 543
5 49 784
6 51 927
7 56 1134
8 53 1016
9 58 1286
10 57 1312
11 58 1376
12 57 1354
13 57 1337
14 55 1270
15 56 1284
16 56 1338
17 57 1324
18 55 1283
19 56 1251
20 59 1341
21 56 1244
22 58 1271
23 58 1281
24 54 1085
25 55 1125
26 53 1036
27 52 976
28 53 1010
29 52 954
30 52 950
31 52 938
32 51 920
33 51 920
34 50 879
35 49 797
36 50 821
37 50 825
38 50 821
39 50 821
40 50 821
41 50 807
42 50 797
43 46 689
44 46 687
45 46 719
46 46 701
47 46 699
48 46 689
49 46 685
50 46 680
5 54 896
6 54 918
7 54 984
8 54 1076
9 55 1122
10 56 1246
11 58 1380
12 57 1298
13 57 1334
14 56 1418
15 57 1312
16 56 1329
17 57 1326
18 56 1330
19 58 1281
20 59 1327
21 58 1272
22 58 1238
23 57 1168
24 55 1102
25 55 1100
26 54 1073
27 53 1040
28 54 1020
29 56 1056
30 54 1017
31 54 1011
32 50 842
33 50 817
34 50 813
35 50 805
36 49 815
37 49 807
38 49 783
39 51 849
40 51 839
41 51 837
42 51 809
43 51 814
44 51 814
45 51 814
46 51 814
47 51 800
48 51 788
49 51 788
50 51 776
5 49 740
6 54 888
7 57 1055
8 57 1100
9 59 1171
10 60 1326
11 60 1270
12 59 1280
13 59 1418
14 60 1448
15 60 1400
16 60 1462
17 59 1442
18 59 1463
19 60 1410
20 59 1315
21 59 1293
22 59 1217
23 59 1269
24 59 1211
25 57 1165
26 56 1156
27 56 1123
28 54 1044
29 53 951
30 51 930
31 51 888
32 53 916
33 53 892
34 53 880
35 51 817
36 51 817
37 52 839
38 50 798
39 50 806
40 50 798
41 49 774
42 50 774
43 45 710
44 45 688
45 45 682
46 45 676
47 45 672
48 44 662
49 44 650
50 44 644
5 51 797
6 53 926
7 57 1092
8 57 1110
9 60 1262
10 59 1296
11 60 1382
12 59 1375
13 60 1452
14 60 1480
15 60 1420
16 60 1420
17 60 1366
18 59 1338
19 59 1385
20 59 1312
21 59 1268
22 59 1268
23 59 1240
24 59 1254
25 58 1207
26 55 1097
27 52 990
28 52 962
29 52 954
30 51 908
31 51 905
32 52 918
33 49 781
34 48 731
35 49 767
36 49 759
37 50 754
38 50 746
39 50 746
40 50 742
41 50 736
42 50 736
43 50 708
44 50 706
45 49 663
46 49 661
47 50 672
48 50 672
49 48 634
50 48 634
5 51 864
6 51 856
7 53 1007
8 55 1149
9 57 1185
10 58 1267
11 59 1365
12 58 1361
13 58 1398
14 58 1394
15 59 1418
16 58 1458
17 57 1401
18 58 1295
19 59 1402
20 58 1335
21 59 1324
22 59 1283
23 59 1279
24 59 1235
25 58 1204
26 57 1136
27 57 1116
28 57 1092
29 57 1064
30 56 1001
31 56 1025
32 55 951
33 53 875
34 53 869
35 53 861
36 53 861
37 52 823
38 49 730
39 49 713
40 49 713
41 49 713
42 49 713
43 50 750
44 47 634
45 47 626
46 47 626
47 47 626
48 46 556
49 46 546
50 46 546
5 52 824
6 55 951
7 57 1000
8 57 1039
9 58 1137
10 59 1225
11 58 1201
12 58 1333
13 59 1393
14 59 1413
15 58 1315
16 59 1335
17 59 1323
18 59 1319
19 56 1202
20 58 1241
21 56 1166
22 55 1144
23 54 1072
24 55 1094
25 53 1048
26 52 1046
27 52 1036
28 49 976
29 51 903
30 53 935
31 51 875
32 50 832
33 50 838
34 50 838
35 50 832
36 50 836
37 48 813
38 48 813
39 47 766
40 48 742
41 48 738
42 48 724
43 48 722
44 45 626
45 45 622
46 45 618
47 45 614
48 45 610
49 45 635
50 43 555
5 54 911
6 51 864
7 55 1015
8 56 1079
9 56 1160
10 58 1228
11 57 1302
12 57 1319
13 58 1291
14 58 1343
15 58 1313
16 57 1293
17 59 1349
18 57 1303
19 57 1223
20 58 1247
21 56 1191
22 57 1211
23 57 1189
24 57 1139
25 57 1109
26 57 1125
27 57 1131
28 57 1087
29 57 1061
30 57 1045
31 53 950
32 52 910
33 52 878
34 52 870
35 52 870
36 53 860
37 53 858
38 53 858
39 51 809
40 51 813
41 50 783
42 48 729
43 47 711
44 48 720
45 48 720
46 47 664
47 45 642
48 45 640
49 42 550
50 42 550
5 52 896
6 53 906
7 54 989
8 51 996
9 56 1191
10 53 1107
11 57 1354
12 57 1327
13 56 1347
14 59 1364
15 58 1364
16 58 1372
17 58 1377
18 58 1317
19 58 1327
20 59 1322
21 58 1267
22 55 1156
23 55 1156
24 55 1150
25 56 1176
26 55 1108
27 53 1050
28 53 1034
29 53 994
30 53 972
31 53 962
32 50 856
33 50 832
34 50 837
35 50 837
36 50 830
37 49 796
38 49 796
39 49 790
40 49 794
41 49 786
42 50 792
43 49 743
44 46 688
45 45 671
46 45 669
47 45 653
48 45 653
49 45 649
50 45 649
5 52 910
6 54 936
7 56 1054
8 54 1044
9 56 1146
10 57 1192
11 59 1357
12 57 1263
13 59 1449
14 59 1334
15 59 1356
16 58 1434
17 59 1418
18 59 1360
19 58 1295
20 58 1277
21 58 1287
22 56 1164
23 56 1184
24 56 1200
25 56 1134
26 52 1052
27 52 1048
28 53 1057
29 50 937
30 50 935
31 53 947
32 52 926
33 53 928
34 53 912
35 52 872
36 52 872
37 52 850
38 52 852
39 53 850
40 46 752
41 45 720
42 45 710
43 46 682
44 46 660
45 44 596
46 44 588
47 44 588
48 45 671
49 44 624
50 42 576
5 53 922
6 54 1024
7 56 1130
8 58 1201
9 58 1258
10 57 1313
11 57 1334
12 58 1450
13 56 1370
14 54 1417
15 54 1400
16 56 1384
17 58 1433
18 56 1358
19 56 1342
20 57 1327
21 58 1335
22 57 1273
23 57 1242
24 59 1271
25 57 1166
26 57 1166
27 55 1068
28 54 1012
29 54 979
30 55 961
31 54 984
32 52 867
33 51 831
34 51 793
35 51 782
36 51 774
37 49 769
38 45 693
39 45 677
40 45 671
41 45 671
42 47 702
43 52 779
44 50 734
45 49 716
46 49 716
47 49 716
48 49 696
49 50 752
50 48 723
5 54 882
6 53 892
7 57 1087
8 56 1042
9 56 1147
10 55 1143
11 58 1289
12 58 1311
13 60 1396
14 60 1422
15 59 1329
16 59 1377
17 59 1321
18 58 1297
19 57 1271
20 58 1249
21 59 1297
22 56 1192
23 55 1160
24 57 1181
25 57 1129
26 55 1058
27 56 1054
28 54 991
29 54 983
30 56 1027
31 54 972
32 54 991
33 54 987
34 51 905
35 51 895
36 50 866
37 50 858
38 48 808
39 48 810
40 48 812
41 48 804
42 47 764
43 48 768
44 46 709
45 44 634
46 45 654
47 45 654
48 44 639
49 44 639
50 43 597
5 48 794
6 49 803
7 53 980
8 56 1104
9 55 1188
10 56 1235
11 58 1398
12 58 1408
13 58 1393
14 58 1403
15 59 1427
16 59 1426
17 59 1398
18 59 1422
19 58 1342
20 58 1342
21 57 1290
22 59 1330
23 57 1250
24 56 1183
25 56 1152
26 56 1148
27 54 1068
28 54 1032
29 55 1051
30 53 977
31 53 975
32 54 956
33 51 874
34 51 868
35 50 844
36 49 816
37 49 810
38 52 850
39 50 836
40 50 822
41 53 856
42 50 752
43 49 729
44 48 696
45 48 696
46 48 696
47 48 696
48 44 635
49 43 588
50 43 580
5 51 811
6 49 803
7 53 984
8 56 1090
9 58 1182
10 59 1223
11 58 1324
12 59 1338
13 58 1339
14 58 1337
15 58 1329
16 59 1391
17 58 1351
18 59 1374
19 60 1322
20 60 1358
21 57 1205
22 57 1165
23 56 1169
24 55 1091
25 54 1055
26 54 1045
27 52 987
28 52 963
29 52 926
30 51 893
31 49 802
32 50 813
33 50 801
34 50 789
35 50 789
36 50 769
37 50 759
38 50 759
39 50 743
40 50 743
41 49 691
42 49 690
43 49 676
44 44 649
45 41 563
46 41 563
47 41 549
48 41 547
49 41 545
50 41 535
5 54 877
6 55 969
7 57 1057
8 58 1126
9 57 1219
10 58 1324
11 58 1321
12 59 1407
13 57 1357
14 56 1347
15 58 1368
16 58 1383
17 59 1390
18 55 1250
19 58 1247
20 57 1208
21 57 1178
22 57 1150
23 57 1152
24 57 1130
25 58 1202
26 57 1176
27 56 1068
28 55 1010
29 55 1028
30 55 1000
31 53 968
32 50 880
33 50 876
34 51 881
35 50 838
36 49 824
37 49 827
38 49 811
39 47 759
40 47 759
41 48 739
42 49 760
43 48 754
44 48 734
45 45 680
46 45 670
47 44 626
48 44 626
49 44 624
50 45 641
5 50 808
6 53 888
7 56 996
8 58 1166
9 58 1199
10 59 1287
11 59 1379
12 58 1328
13 59 1423
14 59 1462
15 59 1376
16 59 1416
17 59 1408
18 57 1291
19 59 1384
20 59 1362
21 59 1322
22 59 1288
23 58 1231
24 57 1218
25 56 1175
26 56 1105
27 54 1072
28 54 1056
29 54 998
30 54 976
31 54 954
32 53 931
33 53 919
34 53 893
35 53 889
36 51 832
37 51 830
38 51 830
39 50 807
40 50 805
41 50 789
42 50 771
43 49 743
44 50 778
45 47 658
46 47 658
47 47 654
48 46 662
49 46 662
50 46 672
5 52 888
6 50 874
7 57 1152
8 58 1188
9 59 1215
10 60 1276
11 60 1496
12 60 1428
13 58 1418
14 58 1418
15 58 1287
16 58 1381
17 58 1315
18 58 1325
19 58 1257
20 57 1284
21 58 1245
22 58 1239
23 59 1230
24 58 1207
25 58 1147
26 57 1108
27 57 1096
28 55 1058
29 54 1035
30 54 1013
31 52 910
32 52 929
33 52 913
34 51 880
35 51 878
36 51 842
37 51 838
38 51 836
39 51 838
40 49 764
41 49 754
42 49 754
43 49 732
44 48 712
45 47 669
46 47 665
47 42 579
48 44 632
49 45 653
50 45 649
5 53 901
6 51 874
7 53 969
8 58 1149
9 57 1178
10 58 1389
11 57 1348
12 57 1419
13 59 1426
14 55 1367
15 58 1352
16 57 1371
17 56 1288
18 56 1280
19 56 1270
20 58 1295
21 58 1297
22 57 1227
23 57 1281
24 57 1190
25 57 1170
26 56 1169
27 56 1129
28 56 1097
29 54 1007
30 54 1015
31 51 916
32 51 914
33 51 886
34 49 832
35 49 816
36 49 804
37 49 794
38 49 790
39 48 762
40 48 760
41 48 756
42 45 631
43 45 629
44 45 631
45 44 606
46 44 606
47 44 598
48 45 627
49 45 627
50 45 609
5 52 817
6 54 937
7 58 1036
8 59 1197
9 55 1054
10 58 1226
11 59 1367
12 59 1343
13 57 1289
14 57 1396
15 57 1286
16 58 1341
17 56 1293
18 57 1308
19 56 1198
20 57 1211
21 57 1207
22 57 1189
23 57 1173
24 56 1136
25 54 1117
26 53 1063
27 53 1035
28 53 1043
29 52 962
30 52 950
31 53 964
32 52 911
33 52 892
34 52 880
35 51 847
36 51 843
37 51 829
38 51 827
39 51 817
40 51 811
41 48 738
42 48 734
43 48 738
44 48 738
45 48 738
46 47 683
47 47 677
48 47 669
49 47 663
50 47 663
5 52 814
6 53 929
7 57 1079
8 55 1040
9 58 1197
10 59 1316
11 59 1354
12 58 1303
13 60 1460
14 59 1342
15 59 1437
16 59 1431
17 59 1417
18 59 1425
19 58 1303
20 58 1323
21 57 1270
22 57 1194
23 56 1153
24 56 1133
25 56 1146
26 57 1132
27 56 1075
28 56 1071
29 56 1035
30 56 1017
31 54 976
32 54 910
33 54 888
34 54 922
35 52 853
36 52 843
37 52 849
38 49 758
39 49 760
40 49 752
41 46 663
42 45 615
43 45 619
44 45 613
45 46 602
46 46 600
47 46 600
48 46 600
49 46 600
50 44 551
5 48 745
6 49 832
7 52 918
8 53 1049
9 56 1143
10 56 1180
11 58 1290
12 56 1237
13 54 1215
14 55 1289
15 54 1189
16 55 1191
17 55 1175
18 56 1264
19 57 1250
20 56 1196
21 56 1205
22 56 1221
23 56 1203
24 55 1154
25 55 1104
26 55 1100
27 56 1122
28 56 1092
29 55 1049
30 55 1035
31 54 972
32 54 988
33 52 918
34 50 828
35 50 828
36 49 819
37 49 831
38 48 782
39 48 780
40 48 768
41 48 760
42 48 756
43 48 756
44 47 708
45 47 702
46 47 686
47 47 686
48 47 686
49 47 697
50 47 685
5 51 828
6 52 874
7 55 1064
8 55 1141
9 59 1294
10 58 1286
11 59 1418
12 58 1396
13 59 1398
14 59 1404
15 60 1434
16 59 1394
17 58 1326
18 60 1364
19 60 1408
20 58 1279
21 58 1309
22 59 1332
23 56 1153
24 56 1151
25 57 1145
26 56 1125
27 57 1137
28 58 1100
29 57 1028
30 58 1066
31 58 1036
32 58 1016
33 56 990
34 54 925
35 54 921
36 53 909
37 53 907
38 53 905
39 53 873
40 54 897
41 54 889
42 54 883
43 52 819
44 52 808
45 52 802
46 52 790
47 52 790
48 47 667
49 47 667
50 48 704
5 52 859
6 54 934
7 57 1105
8 56 1095
9 58 1263
10 58 1253
11 59 1449
12 60 1474
13 57 1358
14 56 1365
15 59 1413
16 59 1441
17 60 1416
18 58 1328
19 58 1289
20 58 1283
21 58 1255
22 58 1230
23 58 1216
24 58 1200
25 55 1074
26 55 1077
27 54 1032
28 56 1049
29 56 1005
30 57 1045
31 57 1051
32 53 921
33 54 942
34 52 878
35 52 872
36 52 872
37 52 850
38 52 850
39 51 828
40 51 820
41 51 808
42 51 806
43 49 735
44 48 700
45 49 697
46 49 697
47 49 697
48 48 643
49 47 633
50 47 631
5 53 930
6 54 999
7 59 1083
8 57 1129
9 60 1310
10 56 1206
11 59 1426
12 56 1334
13 57 1401
14 55 1329
15 58 1369
16 58 1373
17 58 1403
18 57 1318
19 59 1366
20 57 1250
21 57 1238
22 56 1178
23 57 1186
24 55 1130
25 56 1124
26 56 1174
27 53 1024
28 53 998
29 54 992
30 54 994
31 53 928
32 51 873
33 52 887
34 50 847
35 49 800
36 49 798
37 49 772
38 49 770
39 49 766
40 49 756
41 48 754
42 48 760
43 47 719
44 48 712
45 49 758
46 49 752
47 48 695
48 48 673
49 48 673
50 48 673
5 49 757
6 52 857
7 57 1070
8 55 1077
9 59 1310
10 55 1164
11 58 1358
12 60 1442
13 58 1378
14 58 1398
15 59 1418
16 57 1328
17 56 1290
18 57 1300
19 57 1298
20 58 1285
21 59 1329
22 57 1262
23 58 1235
24 58 1229
25 58 1227
26 57 1152
27 54 1057
28 54 1021
29 54 1009
30 55 1009
31 53 950
32 53 930
33 53 920
34 53 910
35 53 908
36 52 866
37 52 854
38 52 854
39 51 839
40 51 815
41 51 811
42 50 791
43 50 778
44 48 717
45 47 649
46 44 629
47 43 566
48 43 560
49 40 496
50 40 496
5 53 931
6 51 903
7 56 1112
8 56 1085
9 60 1354
10 60 1322
11 59 1374
12 58 1341
13 57 1422
14 56 1407
15 57 1291
16 59 1416
17 56 1274
18 58 1407
19 58 1293
20 57 1240
21 57 1295
22 57 1299
23 55 1196
24 55 1168
25 56 1174
26 54 1072
27 54 1062
28 53 991
29 53 987
30 53 971
31 51 928
32 52 929
33 46 804
34 46 792
35 46 774
36 46 758
37 46 746
38 46 746
39 46 738
40 44 678
41 44 664
42 44 660
43 44 658
44 46 679
45 46 671
46 46 671
47 46 667
48 46 667
49 46 667
50 46 657
5 53 890
6 54 960
7 57 1062
8 55 1113
9 59 1272
10 57 1203
11 58 1338
12 58 1419
13 56 1262
14 56 1350
15 57 1347
16 56 1310
17 58 1357
18 57 1298
19 59 1339
20 58 1326
21 57 1236
22 56 1151
23 58 1193
24 55 1143
25 57 1154
26 56 1122
27 56 1121
28 56 1085
29 56 1009
30 54 933
31 53 939
32 47 823
33 48 806
34 48 798
35 48 798
36 48 792
37 48 792
38 47 769
39 47 753
40 47 747
41 47 735
42 47 723
43 47 721
44 47 699
45 46 686
46 46 680
47 46 662
48 47 669
49 46 625
50 46 625
5 53 876
6 54 918
7 57 1083
8 55 1027
9 58 1250
10 58 1226
11 59 1330
12 59 1316
13 60 1448
14 59 1438
15 60 1424
16 59 1390
17 59 1352
18 59 1412
19 59 1362
20 59 1308
21 56 1189
22 56 1169
23 56 1171
24 58 1186
25 58 1168
26 55 1058
27 55 1044
28 55 1016
29 54 984
30 56 998
31 56 996
32 54 900
33 54 888
34 51 828
35 52 810
36 52 865
37 52 863
38 52 855
39 52 843
40 52 813
41 51 785
42 51 773
43 51 769
44 49 698
45 48 712
46 48 712
47 46 632
48 46 630
49 47 650
50 48 689
5 49 836
6 50 936
7 54 1069
8 53 1044
9 56 1166
10 56 1261
11 59 1362
12 58 1388
13 57 1375
14 56 1345
15 58 1374
16 57 1309
17 56 1309
18 56 1265
19 55 1228
20 55 1230
21 56 1200
22 57 1227
23 56 1175
24 56 1221
25 54 1124
26 56 1134
27 55 1080
28 56 1088
29 57 1073
30 57 1085
31 56 1028
32 57 1041
33 55 979
34 53 917
35 53 915
36 53 907
37 53 909
38 53 907
39 53 893
40 53 893
41 53 871
42 53 837
43 52 823
44 52 825
45 48 757
46 50 741
47 50 733
48 48 688
49 46 663
50 44 654
5 53 922
6 54 954
7 55 1039
8 57 1125
9 60 1266
10 60 1306
11 59 1415
12 59 1377
13 57 1313
14 57 1328
15 59 1397
16 56 1331
17 57 1322
18 55 1264
19 56 1295
20 55 1282
21 56 1229
22 57 1218
23 57 1182
24 56 1164
25 57 1173
26 57 1149
27 55 1049
28 54 1018
29 54 996
30 53 943
31 53 951
32 49 882
33 48 837
34 48 829
35 48 829
36 49 834
37 49 826
38 49 832
39 50 852
40 50 852
41 48 794
42 47 769
43 47 757
44 47 747
45 46 751
46 46 739
47 46 737
48 44 654
49 44 654
50 42 606
5 51 844
6 51 921
7 55 1013
8 55 1182
9 58 1185
10 58 1314
11 59 1442
12 59 1430
13 59 1334
14 59 1496
15 59 1364
16 59 1392
17 59 1334
18 59 1330
19 59 1352
20 60 1356
21 60 1332
22 60 1314
23 60 1282
24 59 1210
25 59 1230
26 56 1117
27 54 1057
28 54 1051
29 54 1041
30 53 994
31 53 994
32 50 903
33 50 893
34 50 895
35 50 891
36 50 883
37 50 877
38 53 904
39 53 904
40 53 904
41 49 832
42 48 781
43 48 737
44 48 737
45 47 696
46 48 700
47 48 700
48 47 705
49 47 699
50 42 604
5 49 788
6 52 886
7 55 1031
8 57 1072
9 56 1193
10 56 1203
11 55 1207
12 56 1301
13 57 1375
14 54 1309
15 56 1283
16 57 1316
17 59 1391
18 60 1390
19 57 1288
20 59 1264
21 58 1282
22 58 1235
23 57 1199
24 59 1247
25 59 1221
26 58 1157
27 59 1193
28 59 1153
29 59 1095
30 58 1028
31 55 950
32 57 1046
33 52 906
34 52 900
35 52 860
36 52 848
37 52 848
38 52 848
39 52 848
40 52 850
41 52 840
42 52 828
43 50 774
44 48 733
45 48 729
46 48 735
47 47 697
48 47 695
49 47 657
50 47 657
5 54 890
6 54 866
7 58 1079
8 59 1113
9 60 1216
10 60 1248
11 60 1362
12 59 1295
13 59 1419
14 59 1321
15 60 1458
16 58 1404
17 60 1476
18 59 1356
19 59 1276
20 58 1223
21 59 1262
22 58 1245
23 58 1221
24 56 1159
25 57 1162
26 57 1162
27 56 1125
28 56 1095
29 54 991
30 52 959
31 52 923
32 50 842
33 50 846
34 51 852
35 50 822
36 50 810
37 50 810
38 50 823
39 50 823
40 50 823
41 51 814
42 48 751
43 48 747
44 48 780
45 48 780
46 48 780
47 45 676
48 45 674
49 45 674
50 45 654
5 50 781
6 53 864
7 58 1138
8 55 1097
9 60 1256
10 58 1279
11 59 1416
12 58 1417
13 57 1360
14 56 1364
15 59 1355
16 59 1359
17 58 1339
18 59 1349
19 59 1405
20 59 1291
21 59 1329
22 59 1271
23 56 1214
24 56 1196
25 54 1103
26 54 1071
27 54 1063
28 54 1059
29 54 1023
30 53 959
31 53 939
32 52 910
33 52 894
34 51 854
35 51 842
36 50 863
37 50 863
38 50 849
39 48 804
40 48 804
41 48 792
42 48 790
43 48 774
44 48 783
45 47 750
46 47 707
47 46 673
48 47 695
49 47 695
50 46 679
5 54 874
6 51 854
7 55 1031
8 56 1146
9 57 1246
10 57 1287
11 59 1323
12 58 1354
13 57 1343
14 54 1277
15 53 1270
16 56 1316
17 56 1376
18 55 1245
19 57 1330
20 58 1315
21 59 1278
22 58 1310
23 58 1240
24 57 1207
25 56 1178
26 54 1093
27 55 1074
28 55 1054
29 55 1038
30 54 1018
31 51 913
32 52 916
33 52 888
34 51 831
35 51 813
36 51 813
37 50 782
38 50 756
39 50 732
40 50 732
41 51 775
42 52 772
43 50 700
44 51 724
45 50 771
46 50 771
47 50 735
48 49 735
49 49 729
50 49 729
5 51 798
6 50 899
7 54 963
8 56 1089
9 55 1165
10 57 1201
11 58 1298
12 56 1368
13 59 1414
14 59 1408
15 60 1402
16 59 1422
17 59 1409
18 58 1349
19 58 1299
20 57 1253
21 58 1281
22 59 1249
23 56 1173
24 55 1132
25 55 1124
26 55 1070
27 52 1001
28 53 972
29 53 960
30 52 931
31 54 907
32 52 923
33 51 889
34 49 849
35 49 843
36 49 825
37 49 825
38 49 817
39 50 818
40 50 814
41 48 749
42 47 720
43 47 713
44 46 689
45 46 708
46 46 704
47 45 646
48 43 604
49 43 604
50 43 602
5 49 756
6 51 847
7 56 1084
8 54 1136
9 56 1160
10 60 1272
11 59 1391
12 60 1446
13 60 1476
14 59 1380
15 60 1446
16 59 1328
17 59 1318
18 58 1271
19 58 1225
20 58 1243
21 57 1192
22 56 1162
23 56 1158
24 58 1193
25 57 1090
26 58 1121
27 56 1045
28 56 1033
29 56 1025
30 53 987
31 51 920
32 51 886
33 51 862
34 51 866
35 51 854
36 52 850
37 52 854
38 52 854
39 51 830
40 49 761
41 48 718
42 48 718
43 46 640
44 44 615
45 44 631
46 44 621
47 45 643
48 44 615
49 44 615
50 44 615
5 53 833
6 54 896
7 57 1004
8 57 1053
9 60 1238
10 58 1165
11 60 1356
12 58 1323
13 60 1410
14 59 1328
15 59 1404
16 59 1394
17 59 1380
18 60 1396
19 57 1252
20 58 1271
21 58 1231
22 58 1223
23 57 1210
24 55 1147
25 55 1125
26 54 1059
27 53 1062
28 55 1028
29 55 1044
30 55 1028
31 51 897
32 51 919
33 49 854
34 49 828
35 49 822
36 49 820
37 49 808
38 49 804
39 49 804
40 48 773
41 48 753
42 44 661
43 46 681
44 47 706
45 47 682
46 47 682
47 47 682
48 46 668
49 46 668
50 46 658
5 52 834
6 52 925
7 57 1040
8 56 1062
9 60 1306
10 59 1283
11 60 1406
12 59 1469
13 59 1467
14 59 1445
15 58 1365
16 59 1384
17 59 1379
18 59 1411
19 59 1379
20 59 1357
21 59 1296
22 58 1247
23 58 1217
24 58 1205
25 56 1141
26 55 1132
27 55 1070
28 56 1054
29 56 1042
30 53 960
31 53 944
32 53 959
33 51 881
34 51 875
35 50 839
36 52 889
37 52 900
38 52 900
39 52 894
40 50 832
41 50 820
42 50 820
43 50 792
44 49 799
45 49 781
46 48 751
47 47 710
48 47 706
49 47 702
50 47 702
5 51 839
6 51 832
7 56 1012
8 54 1003
9 59 1256
10 58 1249
11 60 1348
12 60 1414
13 59 1429
14 60 1458
15 60 1382
16 60 1394
17 59 1384
18 60 1406
19 57 1203
20 57 1209
21 57 1199
22 56 1146
23 55 1134
24 55 1116
25 54 1040
26 55 1060
27 55 1060
28 55 1016
29 53 973
30 53 951
31 56 1000
32 56 990
33 55 968
34 55 946
35 55 936
36 52 831
37 52 819
38 52 839
39 52 839
40 52 839
41 52 825
42 50 781
43 48 724
44 48 720
45 48 716
46 48 715
47 49 717
48 49 697
49 49 691
50 44 635
5 50 882
6 53 938
7 57 1060
8 56 1089
9 58 1201
10 59 1253
11 57 1290
12 58 1367
13 54 1266
14 54 1238
15 54 1254
16 54 1254
17 55 1285
18 57 1221
19 56 1190
20 56 1239
21 56 1211
22 56 1241
23 58 1208
24 57 1154
25 57 1130
26 56 1081
27 56 1078
28 56 1065
29 56 1021
30 56 1021
31 55 947
32 53 926
33 53 916
34 53 906
35 53 910
36 53 892
37 53 892
38 53 876
39 54 873
40 54 838
41 52 827
42 50 780
43 50 776
44 49 750
45 49 734
46 48 734
47 48 726
48 48 714
49 48 714
50 48 712
5 51 786
6 53 910
7 55 988
8 57 1103
9 57 1197
10 58 1230
11 60 1390
12 59 1352
13 60 1440
14 60 1400
15 60 1440
16 60 1386
17 60 1390
18 60 1344
19 60 1352
20 60 1346
21 58 1225
22 59 1256
23 59 1222
24 59 1226
25 58 1198
26 57 1150
27 57 1130
28 58 1154
29 57 1061
30 55 1023
31 53 930
32 53 910
33 51 856
34 51 848
35 51 840
36 52 848
37 51 818
38 51 816
39 50 783
40 50 777
41 50 777
42 50 771
43 47 707
44 43 625
45 47 700
46 47 686
47 46 675
48 46 669
49 46 669
50 46 669
5 52 841
6 50 860
7 57 1044
8 55 1063
9 59 1254
10 60 1412
11 60 1412
12 60 1484
13 60 1412
14 60 1404
15 60 1340
16 60 1390
17 60 1332
18 60 1370
19 60 1326
20 60 1302
21 58 1285
22 57 1181
23 56 1183
24 57 1161
25 56 1133
26 56 1099
27 55 1086
28 54 1037
29 53 987
30 53 967
31 52 937
32 52 919
33 50 878
34 49 832
35 49 808
36 49 808
37 51 827
38 51 817
39 52 853
40 52 849
41 50 789
42 48 712
43 48 688
44 46 645
45 46 645
46 46 645
47 46 635
48 46 635
49 44 619
50 44 619
5 52 844
6 52 926
7 56 1154
8 54 1058
9 56 1265
10 55 1217
11 57 1312
12 55 1245
13 57 1386
14 57 1374
15 57 1370
16 59 1370
17 59 1352
18 59 1348
19 59 1328
20 59 1294
21 59 1325
22 59 1299
23 58 1221
24 58 1194
25 55 1102
26 55 1106
27 56 1102
28 56 1102
29 52 922
30 52 904
31 52 885
32 54 919
33 53 944
34 53 940
35 53 932
36 52 882
37 51 818
38 51 841
39 51 843
40 51 841
41 51 875
42 49 773
43 46 684
44 49 722
45 48 709
46 46 624
47 46 612
48 46 606
49 46 606
50 46 606
5 50 770
6 52 930
7 54 995
8 53 984
9 58 1237
10 57 1355
11 58 1385
12 59 1413
13 59 1407
14 60 1510
15 60 1412
16 60 1444
17 58 1365
18 56 1251
19 57 1249
20 56 1185
21 55 1165
22 55 1141
23 55 1103
24 55 1123
25 57 1135
26 56 1136
27 56 1080
28 54 1019
29 54 971
30 53 926
31 53 930
32 53 926
33 52 905
34 51 874
35 49 797
36 49 791
37 47 737
38 46 756
39 45 720
40 46 738
41 44 707
42 44 687
43 44 681
44 49 742
45 45 652
46 43 576
47 43 572
48 43 572
49 43 572
50 43 572
5 53 869
6 53 870
7 56 1069
8 54 1054
9 59 1275
10 59 1251
11 60 1346
12 59 1396
13 59 1440
14 58 1299
15 59 1374
16 59 1386
17 59 1330
18 58 1297
19 59 1299
20 59 1293
21 60 1308
22 57 1208
23 56 1154
24 55 1125
25 54 1078
26 53 1058
27 53 1016
28 55 1067
29 55 1031
30 53 970
31 53 974
32 51 855
33 50 834
34 49 796
35 47 769
36 47 759
37 47 759
38 47 759
39 49 765
40 49 765
41 46 695
42 46 695
43 46 695
44 46 693
45 42 582
46 42 574
47 43 618
48 43 601
49 41 563
50 41 561
5 52 829
6 54 953
7 58 1136
8 59 1193
9 60 1344
10 59 1304
11 59 1415
12 59 1358
13 59 1459
14 59 1471
15 59 1462
16 59 1425
17 60 1400
18 59 1390
19 58 1265
20 58 1253
21 59 1367
22 57 1268
23 55 1130
24 56 1178
25 56 1152
26 53 1032
27 53 1018
28 52 945
29 51 903
30 51 897
31 53 939
32 51 882
33 52 853
34 47 739
35 48 722
36 48 722
37 47 687
38 47 687
39 47 687
40 47 687
41 47 689
42 47 681
43 47 653
44 46 654
45 47 657
46 47 657
47 47 651
48 46 618
49 46 608
50 45 597
5 54 895
6 54 888
7 57 1121
8 57 1189
9 58 1225
10 59 1334
11 59 1369
12 60 1476
13 59 1404
14 59 1456
15 59 1376
16 59 1336
17 59 1386
18 57 1346
19 59 1388
20 58 1331
21 58 1289
22 59 1305
23 59 1244
24 58 1218
25 58 1202
26 56 1149
27 55 1085
28 55 1059
29 54 993
30 54 982
31 52 909
32 49 853
33 48 803
34 48 785
35 49 817
36 49 815
37 49 811
38 47 760
39 47 738
40 47 709
41 49 774
42 49 760
43 49 753
44 46 685
45 48 705
46 48 705
47 47 659
48 47 657
49 47 657
50 47 657
5 50 836
6 54 935
7 55 1062
8 57 1150
9 56 1228
10 60 1318
11 60 1448
12 59 1368
13 60 1436
14 60 1430
15 59 1392
16 60 1406
17 60 1374
18 60 1354
19 59 1322
20 58 1289
21 57 1229
22 56 1195
23 56 1153
24 58 1189
25 57 1144
26 55 1057
27 56 1075
28 56 1081
29 55 1017
30 54 1009
31 53 1002
32 53 972
33 52 935
34 53 958
35 53 952
36 53 946
37 53 930
38 52 911
39 51 871
40 51 871
41 50 802
42 50 796
43 50 791
44 51 828
45 50 759
46 50 759
47 50 741
48 49 711
49 49 711
50 50 740
5 50 819
6 53 973
7 57 984
8 55 1061
9 55 1124
10 59 1307
11 55 1232
12 55 1350
13 59 1380
14 60 1404
15 59 1378
16 59 1408
17 59 1452
18 59 1402
19 59 1366
20 58 1263
21 58 1239
22 57 1208
23 57 1194
24 57 1178
25 56 1131
26 56 1099
27 56 1085
28 56 1077
29 55 997
30 54 961
31 54 961
32 54 979
33 53 934
34 53 916
35 53 896
36 51 840
37 49 800
38 49 800
39 48 807
40 49 796
41 49 784
42 50 798
43 47 721
44 46 693
45 48 711
46 47 674
47 47 672
48 47 672
49 41 601
50 41 591
5 51 814
6 53 927
7 54 951
8 56 1067
9 57 1156
10 57 1194
11 58 1361
12 56 1329
13 58 1394
14 57 1373
15 58 1390
16 58 1430
17 59 1372
18 58 1328
19 57 1301
20 57 1307
21 56 1292
22 56 1215
23 55 1164
24 56 1148
25 58 1183
26 57 1169
27 57 1126
28 58 1102
29 57 1038
30 53 956
31 53 938
32 52 881
33 52 885
34 52 875
35 50 818
36 50 814
37 50 804
38 50 804
39 50 798
40 50 794
41 50 782
42 50 760
43 50 740
44 50 738
45 50 758
46 49 732
47 48 711
48 48 711
49 48 711
50 48 707
5 52 866
6 52 893
7 57 1055
8 59 1146
9 57 1234
10 59 1314
11 59 1344
12 59 1401
13 58 1445
14 58 1413
15 58 1381
16 58 1361
17 58 1349
18 59 1327
19 57 1305
20 57 1273
21 57 1267
22 57 1233
23 57 1213
24 57 1178
25 57 1138
26 57 1135
27 56 1109
28 53 976
29 53 956
30 53 946
31 53 933
32 51 842
33 51 854
34 51 850
35 49 798
36 49 798
37 49 786
38 49 772
39 49 772
40 49 770
41 47 708
42 47 708
43 48 735
44 47 680
45 47 678
46 47 678
47 48 706
48 47 664
49 45 623
50 45 623
5 52 870
6 53 912
7 56 1019
8 57 1094
9 60 1240
10 59 1291
11 58 1354
12 57 1363
13 60 1426
14 59 1354
15 58 1379
16 58 1373
17 56 1290
18 56 1274
19 57 1249
20 57 1253
21 57 1227
22 57 1219
23 57 1193
24 57 1197
25 59 1188
26 59 1182
27 59 1146
28 58 1117
29 58 1075
30 55 992
31 53 933
32 53 899
33 53 887
34 53 865
35 53 859
36 53 853
37 51 829
38 51 825
39 51 825
40 50 797
41 50 795
42 53 825
43 52 791
44 51 779
45 49 701
46 47 656
47 47 646
48 45 602
49 45 610
50 45 610
5 52 848
6 51 920
7 57 1104
8 59 1173
9 60 1268
10 60 1324
11 58 1334
12 60 1376
13 60 1400
14 59 1435
15 59 1459
16 59 1459
17 58 1306
18 58 1325
19 58 1293
20 58 1364
21 56 1217
22 57 1228
23 55 1116
24 55 1122
25 53 1058
26 53 1048
27 53 1042
28 53 1026
29 51 931
30 51 926
31 51 905
32 50 910
33 49 871
34 49 869
35 48 799
36 48 785
37 46 771
38 45 768
39 45 768
40 44 717
41 46 778
42 45 752
43 45 729
44 45 729
45 45 707
46 45 699
47 45 693
48 46 691
49 45 669
50 45 669
5 50 799
6 53 882
7 57 1093
8 58 1179
9 60 1342
10 60 1438
11 59 1384
12 58 1453
13 58 1459
14 57 1427
15 56 1329
16 57 1375
17 54 1292
18 58 1383
19 59 1348
20 59 1344
21 57 1247
22 57 1199
23 56 1156
24 55 1145
25 55 1127
26 55 1111
27 55 1109
28 54 1034
29 52 914
30 55 961
31 52 907
32 52 897
33 51 873
34 50 829
35 50 829
36 50 827
37 50 821
38 50 821
39 50 821
40 50 805
41 48 741
42 50 750
43 50 753
44 49 712
45 47 691
46 47 691
47 46 634
48 44 569
49 44 569
50 44 569
5 51 796
6 51 840
7 56 982
8 59 1142
9 57 1144
10 59 1292
11 58 1314
12 58 1407
13 59 1404
14 57 1365
15 57 1417
16 55 1299
17 58 1381
18 55 1374
19 59 1496
20 59 1462
21 58 1306
22 57 1200
23 56 1125
24 56 1135
25 58 1183
26 58 1159
27 55 1007
28 55 987
29 55 981
30 53 929
31 51 824
32 50 804
33 50 782
34 50 770
35 49 692
36 48 713
37 48 713
38 48 713
39 47 681
40 47 673
41 46 633
42 46 633
43 46 627
44 46 626
45 46 616
46 46 616
47 46 642
48 46 644
49 45 593
50 45 593
5 53 924
6 53 901
7 57 1131
8 57 1144
9 58 1271
10 58 1240
11 60 1346
12 55 1310
13 60 1496
14 59 1494
15 60 1520
16 59 1449
17 59 1411
18 59 1384
19 59 1328
20 59 1286
21 57 1278
22 58 1255
23 57 1207
24 56 1168
25 56 1128
26 56 1104
27 54 1048
28 53 1023
29 53 1017
30 53 989
31 49 913
32 48 852
33 50 860
34 49 802
35 48 773
36 48 773
37 48 771
38 48 771
39 48 769
40 48 749
41 49 776
42 47 759
43 45 716
44 45 714
45 45 698
46 46 725
47 46 725
48 44 646
49 45 664
50 48 706
5 51 815
6 53 953
7 56 1056
8 54 1057
9 58 1278
10 57 1167
11 57 1235
12 59 1451
13 57 1363
14 57 1365
15 58 1373
16 58 1405
17 57 1295
18 59 1344
19 59 1288
20 59 1278
21 59 1238
22 58 1203
23 56 1128
24 56 1124
25 59 1152
26 59 1146
27 59 1122
28 57 1051
29 57 1035
30 57 1013
31 56 972
32 55 951
33 52 853
34 52 851
35 51 806
36 51 808
37 51 798
38 52 815
39 51 784
40 50 792
41 50 786
42 48 724
43 48 716
44 46 676
45 46 672
46 46 654
47 46 650
48 46 644
49 47 642
50 47 642
5 52 871
6 54 976
7 56 1145
8 57 1088
9 59 1282
10 59 1381
11 59 1419
12 59 1458
13 57 1356
14 58 1411
15 58 1409
16 59 1410
17 59 1382
18 59 1356
19 57 1238
20 57 1230
21 57 1224
22 57 1212
23 57 1208
24 55 1139
25 54 1098
26 52 1032
27 52 1008
28 52 1006
29 51 973
30 51 977
31 50 963
32 48 838
33 48 806
34 48 812
35 48 804
36 47 772
37 45 720
38 45 710
39 45 692
40 45 682
41 45 682
42 45 674
43 45 656
44 45 656
45 45 650
46 45 650
47 45 648
48 44 590
49 44 576
50 44 576
5 55 941
6 55 967
7 55 1010
8 57 1158
9 60 1332
10 58 1278
11 60 1402
12 59 1368
13 58 1440
14 56 1385
15 55 1267
16 55 1249
17 57 1310
18 57 1300
19 56 1285
20 57 1287
21 57 1266
22 57 1180
23 57 1176
24 55 1113
25 55 1115
26 53 1042
27 53 1008
28 53 1004
29 54 1012
30 53 965
31 53 921
32 50 886
33 50 864
34 50 854
35 50 832
36 50 848
37 48 774
38 48 750
39 48 752
40 48 750
41 48 732
42 48 734
43 48 718
44 47 734
45 47 732
46 47 704
47 46 691
48 44 623
49 44 623
50 46 654
5 51 815
6 48 805
7 54 1041
8 53 1049
9 58 1202
10 55 1209
11 58 1369
12 60 1414
13 59 1440
14 59 1364
15 60 1430
16 60 1402
17 60 1372
18 59 1348
19 58 1316
20 59 1266
21 58 1265
22 58 1255
23 58 1255
24 56 1199
25 56 1123
26 55 1092
27 55 1084
28 55 1076
29 54 1005
30 54 993
31 54 971
32 50 861
33 50 864
34 50 854
35 50 832
36 51 824
37 51 826
38 51 828
39 51 788
40 51 774
41 51 786
42 51 782
43 51 766
44 48 716
45 48 706
46 48 702
47 48 702
48 48 702
49 48 702
50 47 683
5 52 830
6 51 858
7 57 1072
8 56 1090
9 58 1167
10 60 1358
11 59 1350
12 59 1433
13 59 1420
14 59 1428
15 60 1476
16 60 1374
17 59 1360
18 58 1314
19 58 1264
20 58 1258
21 58 1272
22 58 1190
23 59 1202
24 58 1146
25 57 1115
26 57 1109
27 57 1093
28 57 1083
29 58 1111
30 57 1043
31 56 1022
32 55 980
33 52 891
34 52 863
35 52 851
36 54 905
37 54 909
38 53 862
39 52 834
40 52 836
41 52 820
42 51 766
43 50 745
44 50 729
45 51 760
46 48 697
47 45 610
48 45 608
49 43 569
50 43 569
5 49 777
6 52 894
7 56 1062
8 54 991
9 56 1159
10 57 1172
11 58 1304
12 58 1328
13 59 1297
14 59 1359
15 59 1353
16 58 1292
17 59 1385
18 59 1335
19 58 1221
20 58 1219
21 57 1172
22 57 1166
23 56 1145
24 55 1081
25 56 1094
26 55 1067
27 52 987
28 52 961
29 50 917
30 50 893
31 50 891
32 50 883
33 49 847
34 50 845
35 50 847
36 49 825
37 47 774
38 49 811
39 51 829
40 51 829
41 50 778
42 50 768
43 50 733
44 49 733
45 48 681
46 48 681
47 48 681
48 46 610
49 46 610
50 44 599
5 51 822
6 51 839
7 55 1014
8 54 1017
9 57 1177
10 56 1177
11 60 1318
12 59 1454
13 59 1499
14 55 1319
15 57 1385
16 57 1431
17 57 1350
18 58 1329
19 59 1350
20 57 1298
21 57 1263
22 58 1246
23 58 1303
24 58 1289
25 58 1176
26 57 1127
27 57 1135
28 59 1128
29 53 1007
30 55 1021
31 55 1015
32 52 939
33 48 818
34 48 818
35 49 809
36 49 809
37 49 801
38 49 801
39 49 793
40 49 793
41 50 796
42 50 780
43 50 799
44 50 752
45 50 744
46 50 734
47 49 702
48 49 700
49 45 598
50 43 550
5 54 922
6 51 913
7 55 1111
8 54 1082
9 58 1350
10 56 1234
11 56 1306
12 55 1277
13 56 1351
14 57 1384
15 55 1342
16 57 1412
17 58 1375
18 57 1424
19 59 1338
20 59 1320
21 59 1290
22 58 1257
23 56 1172
24 56 1180
25 56 1126
26 53 1063
27 53 1047
28 55 1102
29 55 1052
30 52 955
31 52 943
32 53 919
33 53 921
34 52 889
35 49 758
36 49 754
37 49 754
38 49 754
39 49 748
40 49 748
41 51 799
42 53 817
43 51 765
44 51 757
45 51 755
46 51 747
47 51 747
48 50 735
49 49 713
50 47 669
5 53 866
6 51 859
7 55 998
8 57 1142
9 58 1176
10 57 1214
11 59 1315
12 58 1358
13 57 1405
14 57 1361
15 57 1337
16 57 1333
17 56 1349
18 58 1321
19 58 1271
20 58 1269
21 58 1243
22 58 1229
23 55 1130
24 55 1132
25 55 1120
26 55 1104
27 54 1039
28 54 1017
29 54 997
30 54 1011
31 54 997
32 53 930
33 53 900
34 51 882
35 51 882
36 51 850
37 51 836
38 51 836
39 51 832
40 51 832
41 50 796
42 49 760
43 49 731
44 47 716
45 46 679
46 46 681
47 46 675
48 46 675
49 46 667
50 46 663
5 52 844
6 51 857
7 58 1057
8 57 1116
9 59 1179
10 58 1299
11 60 1340
12 57 1276
13 59 1417
14 56 1318
15 58 1361
16 57 1331
17 58 1333
18 58 1311
19 58 1329
20 58 1289
21 57 1232
22 57 1182
23 57 1198
24 57 1152
25 57 1164
26 56 1126
27 53 1004
28 53 988
29 53 972
30 53 956
31 52 907
32 49 845
33 49 823
34 49 825
35 49 799
36 51 866
37 51 846
38 50 808
39 50 800
40 50 794
41 49 749
42 49 745
43 48 734
44 48 734
45 48 730
46 48 730
47 47 725
48 48 699
49 48 681
50 48 677
5 52 846
6 51 877
7 56 1005
8 56 1028
9 59 1207
10 55 1202
11 58 1305
12 58 1348
13 57 1341
14 58 1426
15 59 1418
16 59 1402
17 59 1348
18 58 1399
19 59 1338
20 60 1364
21 60 1338
22 60 1296
23 58 1222
24 58 1218
25 57 1187
26 54 1030
27 53 1028
28 52 993
29 54 1045
30 51 943
31 51 939
32 51 939
33 52 926
34 52 908
35 48 808
36 48 806
37 48 802
38 48 802
39 49 842
40 49 844
41 47 747
42 40 598
43 40 578
44 40 580
45 40 570
46 40 562
47 40 576
48 40 564
49 40 568
50 40 562
5 49 763
6 50 848
7 53 946
8 56 1125
9 58 1196
10 58 1285
11 59 1379
12 59 1352
13 60 1458
14 60 1396
15 60 1422
16 60 1370
17 60 1364
18 59 1376
19 58 1277
20 58 1283
21 57 1259
22 57 1229
23 57 1205
24 56 1139
25 55 1083
26 55 1073
27 56 1085
28 56 1071
29 55 1007
30 55 1015
31 54 962
32 53 939
33 53 941
34 51 865
35 52 880
36 53 879
37 53 900
38 52 844
39 52 838
40 53 852
41 51 789
42 50 777
43 50 773
44 48 707
45 48 707
46 47 675
47 47 666
48 47 666
49 47 668
50 46 655
5 48 746
6 51 895
7 54 1069
8 54 1074
9 56 1130
10 56 1323
11 57 1328
12 59 1363
13 59 1401
14 59 1382
15 59 1364
16 58 1355
17 59 1429
18 59 1324
19 59 1328
20 60 1302
21 58 1264
22 59 1246
23 58 1221
24 57 1164
25 57 1180
26 56 1099
27 57 1108
28 57 1092
29 56 1043
30 54 951
31 54 951
32 52 902
33 52 880
34 53 908
35 53 888
36 52 871
37 52 867
38 52 867
39 53 876
40 52 829
41 52 823
42 49 733
43 48 713
44 47 669
45 47 669
46 47 657
47 47 657
48 47 657
49 47 657
50 45 600
5 52 852
6 53 883
7 57 1077
8 56 1168
9 58 1281
10 57 1224
11 60 1386
12 59 1388
13 58 1430
14 56 1432
15 58 1400
16 57 1426
17 58 1365
18 59 1414
19 59 1374
20 58 1306
21 58 1312
22 59 1284
23 57 1193
24 57 1189
25 57 1171
26 56 1120
27 56 1112
28 55 1036
29 54 987
30 54 973
31 52 918
32 52 916
33 49 820
34 49 800
35 49 796
36 49 792
37 49 786
38 49 774
39 49 764
40 49 762
41 48 717
42 48 729
43 48 699
44 48 701
45 48 687
46 48 727
47 48 727
48 47 679
49 47 679
50 47 671
5 54 855
6 53 892
7 56 1037
8 57 1102
9 58 1205
10 57 1316
11 59 1407
12 56 1306
13 56 1341
14 55 1305
15 56 1358
16 57 1445
17 56 1346
18 56 1364
19 57 1300
20 56 1275
21 57 1258
22 57 1226
23 56 1195
24 56 1198
25 56 1196
26 55 1129
27 53 1062
28 53 1040
29 54 1070
30 53 1007
31 51 973
32 51 957
33 50 851
34 50 851
35 51 859
36 49 838
37 48 811
38 48 799
39 48 795
40 48 780
41 48 780
42 47 724
43 47 716
44 47 714
45 47 714
46 47 702
47 46 695
48 45 632
49 45 632
50 45 630
5 53 901
6 51 878
7 56 1105
8 58 1144
9 59 1274
10 58 1254
11 58 1344
12 58 1362
13 58 1368
14 59 1412
15 59 1446
16 59 1420
17 59 1440
18 59 1400
19 59 1384
20 59 1350
21 59 1302
22 58 1280
23 58 1260
24 57 1203
25 57 1165
26 54 1064
27 55 1078
28 55 1042
29 54 1033
30 54 985
31 54 975
32 53 935
33 53 933
34 53 901
35 50 836
36 50 830
37 50 816
38 50 816
39 50 802
40 50 798
41 50 782
42 46 659
43 47 655
44 47 653
45 47 631
46 47 681
47 47 681
48 45 587
49 45 582
50 45 578
5 51 802
6 53 908
7 55 1008
8 58 1137
9 58 1271
10 58 1296
11 58 1351
12 58 1469
13 58 1419
14 59 1390
15 60 1446
16 60 1412
17 60 1422
18 60 1396
19 60 1402
20 60 1402
21 60 1340
22 60 1308
23 60 1298
24 59 1229
25 59 1195
26 56 1078
27 56 1052
28 54 997
29 54 965
30 54 937
31 54 927
32 53 935
33 52 904
34 51 890
35 51 872
36 51 872
37 50 840
38 50 858
39 50 840
40 49 782
0 37 441
1 37 441
2 37 441
3 48 692
4 46 698
5 53 912
0 36 429
1 36 429
2 36 429
3 47 651
4 45 679
5 52 828
0 37 470
1 37 470
2 37 470
3 44 642
4 44 610
5 52 859
0 38 507
1 38 507
2 38 507
3 47 721
4 45 658
5 54 957
0 36 435
1 36 435
2 36 435
3 49 689
4 50 737
5 54 880
0 37 466
1 37 466
2 37 466
3 45 649
4 48 727
5 52 860
0 36 461
1 36 461
2 36 461
3 42 573
4 45 666
5 50 853
0 37 467
1 37 467
2 37 467
3 43 607
4 44 611
5 53 917
0 38 485
1 38 485
2 38 485
3 41 598
4 42 602
5 49 754
0 39 471
1 39 471
2 39 471
3 43 563
4 44 609
5 48 779
0 36 512
1 36 512
2 36 512
3 44 608
4 47 703
5 52 834
0 36 487
1 36 487
2 36 487
3 41 532
4 47 678
5 51 781
0 37 477
1 37 477
2 37 477
3 46 632
4 47 637
5 51 854
0 37 461
1 37 461
2 37 461
3 47 671
4 48 665
5 50 790
0 37 453
1 37 453
2 37 453
3 43 590
4 45 668
5 51 786
0 37 509
1 37 509
2 37 509
3 45 618
4 44 613
5 50 859
0 39 468
1 39 468
2 39 468
3 46 600
4 46 671
5 52 849
0 39 480
1 39 480
2 39 480
3 40 548
4 42 601
5 51 849
0 39 485
1 39 485
2 39 485
3 44 598
4 46 676
5 51 842
0 36 398
1 36 398
2 36 398
3 48 671
4 46 647
5 49 817
0 37 467
1 37 467
2 37 467
3 44 578
4 44 602
5 50 797
0 35 407
1 35 407
2 35 407
3 46 619
4 45 624
5 51 815
0 36 472
1 36 472
2 36 472
3 44 604
4 48 709
5 53 959
0 33 424
1 33 424
2 33 424
3 45 648
4 42 655
5 50 781
0 35 433
1 35 433
2 35 433
3 46 665
4 46 657
5 53 989
0 36 460
1 36 460
2 36 460
3 46 684
4 48 739
5 56 967
0 38 499
1 38 499
2 38 499
3 43 642
4 45 659
5 52 803
0 36 459
1 36 459
2 36 459
3 46 631
4 48 703
5 53 818
0 36 415
1 36 415
2 36 415
3 48 661
4 48 675
5 51 810
0 36 484
1 36 484
2 36 484
3 46 676
4 45 684
5 51 823
0 35 495
1 35 495
2 35 495
3 42 589
4 44 679
5 49 781
0 35 419
1 35 419
2 35 419
3 43 541
4 45 603
5 49 774
0 39 468
1 39 468
2 39 468
3 41 519
4 46 668
5 49 824
0 40 533
1 40 533
2 40 533
3 45 657
4 45 621
5 55 887
0 35 491
1 35 491
2 35 491
3 46 642
4 48 720
5 55 876
0 38 490
1 38 490
2 38 490
3 41 535
4 42 622
5 51 803
0 35 407
1 35 407
2 35 407
3 47 664
4 47 692
5 50 780
0 36 434
1 36 434
2 36 434
3 44 676
4 43 624
5 50 833
0 42 569
1 42 569
2 42 569
3 47 619
4 47 668
5 51 841
0 36 472
1 36 472
2 36 472
3 45 615
4 50 765
5 54 938
0 34 433
1 34 433
2 34 433
3 45 609
4 45 653
5 50 818
0 41 538
1 41 538
2 41 538
3 46 615
4 47 643
5 52 804
0 39 502
1 39 502
2 39 502
3 44 587
4 49 748
5 52 890
0 38 472
1 38 472
2 38 472
3 44 601
4 46 687
5 52 869
0 37 431
1 37 431
2 37 431
3 46 599
4 46 652
5 54 881
0 34 451
1 34 451
2 34 451
3 45 645
4 45 637
5 51 841
0 40 533
1 40 533
2 40 533
3 43 643
4 47 692
5 50 787
0 40 510
1 40 510
2 40 510
3 47 648
4 46 660
5 53 859
0 37 447
1 37 447
2 37 447
3 44 605
4 44 627
5 52 868
0 37 448
1 37 448
2 37 448
3 45 598
4 45 615
5 50 857
0 39 533
1 39 533
2 39 533
3 43 592
4 47 697
5 52 878
0 38 455
1 38 455
2 38 455
3 44 622
4 47 667
5 51 797
0 38 469
1 38 469
2 38 469
3 43 589
4 47 690
5 53 823
0 40 525
1 40 525
2 40 525
3 48 658
4 48 681
5 51 813
0 34 395
1 34 395
2 34 395
3 43 566
4 43 593
5 51 787
0 35 437
1 35 437
2 35 437
3 43 565
4 47 652
5 51 745
0 39 467
1 39 467
2 39 467
3 43 557
4 43 602
5 54 827
0 41 551
1 41 551
2 41 551
3 45 633
4 48 714
5 53 877
0 39 513
1 39 513
2 39 513
3 49 737
4 49 740
5 54 903
0 38 484
1 38 484
2 38 484
3 44 632
4 46 668
5 50 789
0 41 506
1 41 506
2 41 506
3 46 578
4 46 615
5 51 827
0 39 495
1 39 495
2 39 495
3 52 766
4 47 712
5 50 857
0 36 405
1 36 405
2 36 405
3 44 677
4 49 716
5 51 870
0 36 472
1 36 472
2 36 472
3 46 675
4 46 730
5 51 797
0 35 439
1 35 439
2 35 439
3 46 641
4 45 618
5 52 827
0 37 488
1 37 488
2 37 488
3 49 721
4 47 684
5 52 887
0 36 455
1 36 455
2 36 455
3 45 625
4 44 612
5 49 802
0 36 450
1 36 450
2 36 450
3 43 639
4 46 685
5 51 830
0 37 451
1 37 451
2 37 451
3 45 657
4 44 641
5 51 827
0 37 481
1 37 481
2 37 481
3 43 580
4 48 696
5 51 840
0 38 497
1 38 497
2 38 497
3 46 668
4 47 665
5 54 864
0 35 440
1 35 440
2 35 440
3 42 560
4 47 714
5 52 834
0 38 468
1 38 468
2 38 468
3 45 609
4 46 640
5 52 842
0 38 468
1 38 468
2 38 468
3 42 580
4 44 609
5 48 737
0 42 573
1 42 573
2 42 573
3 44 613
4 42 618
5 50 788
0 37 463
1 37 463
2 37 463
3 46 635
4 48 706
5 53 895
0 37 484
1 37 484
2 37 484
3 44 632
4 43 620
5 49 755
0 40 524
1 40 524
2 40 524
3 47 654
4 47 712
5 53 878
0 38 477
1 38 477
2 38 477
3 47 621
4 48 676
5 51 846
0 38 491
1 38 491
2 38 491
3 46 667
4 49 749
5 53 944
0 37 489
1 37 489
2 37 489
3 46 602
4 47 683
5 53 918
0 38 452
1 38 452
2 38 452
3 48 684
4 48 682
5 52 827
0 36 448
1 36 448
2 36 448
3 45 621
4 42 587
5 50 805
0 38 455
1 38 455
2 38 455
3 46 675
4 49 742
5 55 951
0 40 498
1 40 498
2 40 498
3 45 618
4 45 640
5 50 772
0 40 529
1 40 529
2 40 529
3 45 652
4 46 653
5 52 898
0 37 506
1 37 506
2 37 506
3 44 697
4 44 672
5 52 898
0 37 455
1 37 455
2 37 455
3 47 644
4 47 674
5 51 825
0 35 419
1 35 419
2 35 419
3 45 592
4 49 742
5 51 787
0 33 441
1 33 441
2 33 441
3 44 594
4 49 727
5 54 889
0 37 445
1 37 445
2 37 445
3 46 648
4 48 679
5 52 822
0 40 478
1 40 478
2 40 478
3 47 650
4 46 663
5 51 835
0 36 476
1 36 476
2 36 476
3 49 699
4 48 718
5 54 896
0 36 477
1 36 477
2 36 477
3 48 720
4 46 701
5 52 881
0 37 453
1 37 453
2 37 453
3 42 565
4 47 655
5 49 770
0 34 418
1 34 418
2 34 418
3 45 585
4 45 604
5 50 792
0 40 536
1 40 536
2 40 536
3 50 683
4 48 664
5 53 901
0 40 491
1 40 491
2 40 491
3 51 757
4 46 675
5 55 931
0 38 448
1 38 448
2 38 448
3 46 619
4 46 622
5 52 810
0 42 585
1 42 585
2 42 585
3 46 662
4 46 716
5 52 863
0 40 532
1 40 532
2 40 532
3 45 629
4 45 696
5 52 844
41 49 792
42 45 703
43 46 681
44 45 646
45 47 736
46 45 695
47 45 675
48 45 675
49 45 667
50 45 663
5 53 870
6 52 884
7 56 1058
8 58 1095
9 56 1094
10 56 1185
11 59 1434
12 58 1344
13 59 1416
14 59 1418
15 59 1366
16 57 1306
17 59 1324
18 57 1288
19 58 1291
20 57 1227
21 58 1238
22 56 1155
23 56 1133
24 56 1129
25 56 1113
26 54 1036
27 55 1084
28 54 1023
29 54 993
30 55 1018
31 54 982
32 51 913
33 50 886
34 52 916
35 51 892
36 50 841
37 50 839
38 48 814
39 48 812
40 48 806
41 48 778
42 47 772
43 47 736
44 47 740
45 45 720
46 44 684
47 46 697
48 46 701
49 46 687
50 42 608
